chain	seqnum	resname	area_pseudoenergy	area	area_expected_to_persist	area_goodness	boundary
A	36	TRP	-538.606734768791512	186.109969999999976	169.677557580421336	-556.960925493949048	1.849574000000000
A	170	TYR	-485.903578830673098	163.948889999999977	150.005390626552384	-502.134626050319184	0.000000000000000
A	220	TYR	-439.896073656505621	146.357089999999971	135.023092989637178	-453.416297587607744	1.725681000000000
A	35	HIS	-425.814005361724242	127.064439999999991	119.235222309125817	-434.665327974651859	2.981946000000000
A	80	PHE	-420.486032255034900	138.820680000000010	129.584126414673221	-430.230540354389575	0.259966000000000
A	93	TYR	-414.194894690389276	142.276430000000005	132.015491377226539	-425.826608184237045	2.523259400000000
A	37	VAL	-409.162971946634059	117.600790000000003	112.097584235884639	-414.905498331854005	1.282257000000000
A	48	LEU	-408.835283787987635	128.672629999999998	121.568928595389593	-416.288509274390435	1.454158000000000
A	47	TRP	-399.431420916698926	165.944330000000008	146.834452583645572	-420.659188290046984	7.503772000000000
A	169	TRP	-380.559703636760503	183.335490000000021	151.300368696637321	-421.181929910853341	3.414175000000000
A	207	LEU	-366.468722213074386	134.963600000000014	123.191112555056165	-379.716540783864787	0.000000000000000
A	238	LEU	-359.404735670856155	133.580480000000023	123.395395874948719	-370.211987591853699	2.080311000000000
A	102	TYR	-358.912345038104036	174.440800000000024	144.754404874970334	-396.980527570863785	11.416129000000000
A	171	GLN	-356.588909178492599	114.600489999999994	104.932654127942172	-368.841388913217997	7.054200000000000
A	38	ARG	-346.644349071385818	173.790809999999993	136.929256878892289	-404.956894410976076	12.800763999999999
A	232	PHE	-343.961946669933582	150.728049999999996	134.386471625349884	-361.802986136261723	9.746760000000000
A	20	ILE	-343.865660366811824	120.354600000000005	109.611881121691269	-355.666275538282605	0.000000000000000
A	155	PHE	-342.215238341828581	151.006999999999977	132.653716684414889	-363.650709368959383	2.654271000000000
A	18	LEU	-332.122763809197181	117.209800000000001	108.985024759212934	-340.812839306281774	0.000000000000000
A	181	LEU	-327.880246264143409	124.724009999999993	113.693420613827215	-341.609695080763686	2.104365300000000
A	45	LEU	-305.960713937976777	151.218360000000018	129.177459992049535	-332.899990227265846	5.755703000000000
A	109	TRP	-305.547508060646237	156.676790000000011	132.509897819532711	-333.721658720898631	11.937759999999999
A	52	TRP	-300.194428664823647	146.300450000000012	123.936537773388963	-326.762148491853054	8.935049999999999
A	180	LEU	-295.383169721750392	124.652720000000002	108.776904995340075	-313.603910137834077	6.008655000000000
A	104	TYR	-292.405638612235180	161.150280000000009	134.063293790302282	-324.590039339251575	6.468818000000000
A	94	TYR	-288.794809093646961	153.706919999999997	119.881265060236373	-333.410646283955487	9.260263999999999
A	106	PHE	-288.366652034542994	121.569839999999999	109.684754424442161	-301.088124482053558	0.000000000000000
A	209	ILE	-284.332231820147683	108.430260000000004	99.349237678385947	-294.056391177019236	0.000000000000000
A	223	GLN	-271.554011939378711	130.349670000000003	110.062969377372980	-298.075478786012582	2.637270000000000
A	50	VAL	-265.261953487229221	83.095770000000002	77.778090862411133	-271.087630518821470	0.000000000000000
A	95	CYS	-259.621809816467817	94.038910000000016	86.960683122227124	-267.155662981650607	0.000000000000000
A	51	ILE	-258.485119809766275	106.912799999999990	97.033203820226447	-269.024500455687132	9.129716000000000
A	96	ALA	-241.953365778795273	80.580939999999998	74.023689473368137	-249.092523250085634	0.000000000000000
A	172	GLN	-238.675714653505224	106.762100000000004	91.162643941630179	-258.541607466887456	11.622985999999999
A	228	TRP	-236.728162242443716	166.289069999999953	131.396611777487493	-278.015289240736024	31.418075699999999
A	221	TYR	-236.605156288707036	159.089940000000013	116.184981870073415	-296.178740615159143	8.922946450000000
A	69	ILE	-234.129315328952771	123.260719999999992	106.291228319229830	-253.250855575583529	6.403268000000000
A	82	MET	-230.041899887213845	106.737220000000022	91.720743224938190	-247.227981096216979	0.000000000000000
A	178	PRO	-226.582111787323925	106.304729999999992	93.605790052844114	-241.205813117126752	1.886200000000000
A	115	VAL	-225.927063580035167	93.586559999999992	82.703749570958195	-238.150338409772445	0.425750200000000
A	168	HIS	-225.709562942930660	114.671709999999990	96.479921611369321	-247.985249732661885	4.088946000000000
A	92	ILE	-219.741523897911065	84.952660000000009	76.486982677017622	-234.667857389279646	25.546219999999998
A	153	VAL	-215.483106495632455	85.396330000000006	77.664146341170010	-223.751520541627031	4.643829999999999
A	39	GLN	-214.317559454731224	104.133329999999987	85.358630071877300	-239.817054468722318	17.267795000000000
A	196	PHE	-214.112090087852863	106.597940000000023	92.237572543326579	-232.997464222192207	8.576063399999999
A	117	VAL	-199.375206012705917	111.063929999999985	93.308059812370828	-220.179085236805491	5.018615820000001
A	58	ASP	-195.261467206016192	94.789900000000003	80.060505944467451	-217.995576383695919	13.587759999999999
A	236	THR	-189.624654116226793	108.410429999999991	86.035682984340013	-216.423967083787630	2.391764140000000
A	79	PHE	-187.182832219595355	101.170479999999984	82.292380874444333	-212.870039229954443	26.414041999999998
A	6	GLN	-181.860086550671156	126.575990000000004	101.455400461097000	-210.166789234757402	9.886248999999999
A	60	ASN	-178.888685404596146	81.272359999999992	66.280878043958580	-201.826008711601276	16.098710000000001
A	78	VAL	-177.019148067535042	116.561610000000002	91.321502183182801	-216.858247599454955	0.379436500000000
A	67	LEU	-177.006236656561043	88.008710000000008	77.272447199219428	-188.593642256659876	2.213620000000000
A	225	ASN	-176.580178970320958	100.293660000000003	84.250555696750794	-194.873970795537957	2.711020000000000
A	59	TYR	-174.325774132753679	90.796469999999999	78.120847680891586	-188.156415724536629	11.778910000000000
A	46	GLU	-172.815846497652188	98.586630000000014	72.657515456558698	-214.152359443054735	23.380647000000000
A	21	THR	-172.731198432226222	80.453360000000004	71.343381507026280	-182.936390783974986	18.783520000000003
A	85	LEU	-169.406424779090543	91.096429999999998	75.932921025625234	-187.576524856822346	0.283608120000000
A	113	THR	-162.653934550878489	84.415030000000002	70.009095878465885	-181.207545733579678	8.500719999999999
A	22	CYS	-160.281812851967317	82.834670000000003	66.011406242664307	-186.173556566645459	0.000000000000000
A	81	LYS	-159.971702618011307	75.286409999999989	60.310521191698427	-181.503786826518592	19.476479999999999
A	230	THR	-155.637867668787919	88.658199999999994	73.676354269187229	-174.000673850337023	7.652972000000001
A	219	ASP	-155.558372041202176	63.205629999999999	55.331381291003623	-166.392489992812671	19.636132000000000
A	182	ILE	-151.168638012875419	96.080160000000006	77.078200164099229	-175.507550155064365	10.047617900000001
A	212	VAL	-150.751905430395993	92.038720000000012	74.973302435398921	-172.611521066974433	2.831938000000000
A	105	GLU	-149.604264911156690	105.615420000000000	82.548781455705125	-176.762681330534690	3.212660000000000
A	145	LEU	-145.244663012115296	76.431809999999999	64.547224335346428	-159.179072595813750	5.605340000000000
A	56	ASN	-143.283414029309029	67.148609999999991	58.935545284908123	-152.236324744506078	13.281787999999999
A	205	PHE	-142.914794116141735	116.095380000000006	87.054168928360539	-182.087415411776078	0.000000000000000
A	71	ARG	-142.006345530286637	123.777810000000002	89.130168222181325	-188.258842432159696	20.683821500000001
A	206	THR	-141.605456638956809	83.318620000000010	69.090409087072175	-157.566861430001893	20.724416999999999
A	91	ALA	-140.251162934144133	61.415649999999999	53.185016540638159	-150.926650931678068	0.140739800000000
A	208	SER	-139.775737970869301	70.850809999999996	56.949815082896521	-157.999987048662263	10.410029999999999
A	147	VAL	-136.887791310769785	86.702060000000003	70.573215953100103	-155.708976138859725	2.531082000000000
A	237	LYS	-136.510174841137200	69.810339999999997	59.892914484600112	-147.982852052910459	18.863740000000000
A	218	ALA	-132.061720878919573	55.909680000000002	49.694847346639627	-139.858754853160406	4.961683000000000
B	468	SER	-130.743248553456851	76.098260000000010	64.092158241978183	-144.221276335494309	2.481076000000000
A	167	ILE	-130.525008682246238	101.012150000000005	75.895751461810974	-163.311861398376095	0.000000000000000
A	63	PHE	-129.148347641651839	71.952630000000013	56.980095146610147	-149.433401380499447	0.987656000000000
B	418	SER	-128.390081319644281	59.463930000000005	52.211712206693690	-136.532050607386907	8.844068999999999
A	49	GLY	-124.457325043461694	39.101300000000002	36.027702384966894	-127.880313185229738	0.000000000000000
A	68	SER	-123.534533933095929	51.633679999999998	42.213742438371909	-142.842057089447820	15.592400000000000
B	467	ILE	-122.256084376181803	76.708550000000002	61.450190155388185	-140.524894229521180	3.916922000000000
A	166	ASN	-120.848740541123149	90.624620000000007	69.122299361348723	-148.150445389965313	12.504520000000001
A	184	TYR	-120.502864001086763	118.640460000000004	82.728458787648123	-168.985102539995125	22.395591000000000
B	417	VAL	-120.022003187219084	42.879700000000000	40.277986687302445	-122.716870639453603	0.507740000000000
A	70	SER	-118.825214854261915	47.360240000000005	43.414987084011216	-122.999691681953863	11.280810000000001
A	217	ILE	-117.301620989432735	80.184410000000000	59.528691487025057	-148.586623180972367	17.843760000000003
A	12	VAL	-117.064370708166834	62.580869999999997	53.342836474825098	-127.791569489584035	0.000000000000000
A	116	THR	-116.393311036410267	61.720390000000002	53.470165918665927	-125.273232464837037	14.866120000000000
A	216	ASP	-115.387436838784154	65.261889999999994	53.565579523717510	-130.533960919502590	1.090776400000000
B	384	GLN	-111.314444576298825	60.727980000000002	52.042101324958075	-120.787743729848160	5.226457000000000
A	197	SER	-108.656524169983911	60.005699999999997	46.584992303599456	-129.407635902091641	13.369510000000000
A	179	LYS	-103.823034175634874	95.768249999999995	53.852279574054776	-198.452260550972539	33.809759999999997
A	53	SER	-103.127838853193623	92.594450000000023	68.768621804686788	-131.360705890949731	16.674628000000002
A	110	GLY	-99.014158524121555	51.699890000000003	43.555593251973299	-108.233295840611973	0.551661700000000
A	165	THR	-98.476449231398362	62.582719999999995	49.841841002898157	-113.770163896686825	17.506019999999999
A	57	THR	-98.300738700828106	40.917050000000003	36.453607396901219	-103.429260421746420	4.558063000000000
A	239	GLU	-94.685473172403860	70.334450000000004	54.467461430897465	-113.437117764316156	14.291459999999999
A	222	CYS	-93.454096566970634	95.682690000000008	67.516246075958449	-128.974026142135727	0.000000000000000
A	103	ASP	-89.466267019121986	52.169750000000001	40.870358507881285	-104.447748969878617	1.366445000000000
A	195	ARG	-85.917187770187851	112.114820000000009	75.263368949394021	-140.003223100252001	25.439511999999997
A	33	GLY	-85.502277938157931	48.135930000000002	37.750042871749919	-99.219211068662119	7.824814500000000
A	83	ASN	-84.424706033582950	60.270880000000005	46.851947020236892	-107.999282941336560	13.235250000000001
A	23	THR	-84.401878413521544	67.732079999999996	50.511824850198451	-107.640517622738415	17.585107000000001
A	107	ALA	-84.246321319201542	56.834900000000005	42.873774547228827	-104.502392685889362	11.316970000000000
A	185	ALA	-82.977851531077476	77.047680000000000	55.934160559761565	-109.064595926195096	3.977260000000000
A	231	THR	-80.319519497993923	73.378900000000002	53.509627844507548	-105.837462588858799	8.178479999999999
A	224	GLN	-79.714522319597847	118.412410000000008	76.390352575827905	-140.598927765444955	2.391380000000000
B	438	ILE	-77.911208789026503	27.943510000000003	24.529020499577332	-82.542482951444839	0.000000000000000
A	144	ILE	-77.902059914731026	50.682710000000000	39.115798588493981	-92.117838862637768	12.527930000000000
A	199	SER	-74.377425451104614	57.157820000000001	43.109332884592490	-92.327242347438073	12.277310000000000
A	7	SER	-73.637592187671927	39.120770000000000	33.327500653341311	-80.356104549089707	10.536420000000000
A	189	ILE	-73.039230809725979	84.649140000000003	58.610040118293220	-106.544007151209158	13.207166000000001
A	29	LEU	-72.657854346014915	86.429299999999984	58.881512190910293	-107.509864280795952	2.721479000000000
A	146	SER	-71.263624824535327	54.477859999999993	41.656752624736569	-88.584079334966162	18.844740000000002
A	114	LEU	-71.028262465280307	64.200659999999999	46.146981476970652	-99.935540774614623	23.549566800000001
A	138	LEU	-70.107254394723668	117.047229999999985	74.350927182804313	-128.147295445187780	7.699209000000000
A	77	GLN	-68.922694655322729	56.657450000000004	41.997442070751099	-88.554975013453486	9.482190000000001
A	198	GLY	-68.553794629569339	55.229169999999996	41.835426611640898	-85.442112138689879	7.645605900000000
A	34	VAL	-68.174736755310605	98.604390000000009	60.540085538772850	-139.778791183578903	1.190680000000000
A	90	THR	-64.569958623632218	84.423150000000007	53.092239904227299	-115.060742447033462	20.789780000000004
A	156	SER	-62.750722522856577	65.917300000000012	46.488859730083071	-88.109213658901382	13.672267000000000
B	443	LYS	-62.607032525679344	48.964859999999994	38.092531066951921	-80.785538919429271	19.019430000000000
A	9	PRO	-62.417484740194389	48.377690000000001	37.053633742406788	-77.434149337790600	7.817070000000000
A	157	CYS	-62.315031756133735	92.800100000000000	58.961357877075272	-110.249114761758690	0.000000000000000
A	192	ILE	-60.797533582173699	57.572330000000001	40.086972764040716	-86.216883228523074	9.527695300000000
A	211	SER	-60.591256506634629	43.612510000000000	34.833142086782672	-70.427036405263706	12.979849999999999
A	154	SER	-59.859306152836510	48.528350000000003	34.959951359602847	-77.520280784115528	14.041230000000001
A	19	SER	-57.602127787127827	50.247760000000000	36.029537261538948	-77.927050424018176	20.479285999999998
A	112	GLY	-57.594774250101608	38.336640000000003	31.235120712575743	-65.497254052793295	1.631299000000000
A	163	ILE	-54.910458233295259	88.805499999999995	57.116334990455563	-94.822314962663327	0.336074000000000
A	229	PRO	-54.266029547616967	67.828030000000012	45.317508817187971	-84.932414209085550	14.276769000000000
A	183	ARG	-52.540734941657455	82.276429999999991	50.994276413276062	-98.322765867795411	15.028346000000001
A	226	ASN	-51.843914429255555	101.649789999999996	62.682733770966557	-117.450619627189155	31.328885999999997
A	150	GLY	-50.073637476879547	36.809609999999999	29.003624124107951	-60.360470032377094	12.532869999999999
A	4	LEU	-49.168782696967327	121.874409999999997	69.507776738355943	-138.224514447617537	7.572766700000000
A	11	LEU	-49.099999745187965	35.130200000000002	26.499345369699590	-60.471788913371974	9.310510000000001
B	440	SER	-48.973607120594522	23.875160000000001	20.746955694383164	-52.406200256567402	0.000000000000000
A	5	GLN	-48.052084073166014	66.894499999999994	43.466977136494791	-87.787075346796030	20.967520000000000
B	441	GLY	-47.152664010352076	34.756150000000005	27.340706141751184	-55.811758120159439	2.333232700000000
A	202	GLY	-46.502730090596458	41.677900000000001	30.163243028956881	-60.598125571467868	7.677820000000001
A	89	ASP	-46.491231268959339	54.667390000000005	36.729017286759941	-72.650047298613785	1.833838300000000
A	152	ARG	-44.379850994345993	56.426150000000000	37.906052371303701	-67.911686438678501	16.678490000000000
A	164	GLY	-42.090650485886435	24.663020000000003	20.245150610748620	-48.868821094561362	6.921980000000000
A	139	THR	-41.154172346432787	53.586670000000005	36.556588793526068	-61.736486661567838	12.088100000000001
A	210	ASN	-40.511224578238306	77.812039999999996	47.875915666493448	-86.173173024556107	28.374549999999999
A	10	GLY	-39.153753469040723	36.593220000000002	26.833975174975279	-51.981297622904513	10.159960000000002
A	108	TYR	-39.017944574129245	122.234600000000015	69.982566716485351	-129.576253756822183	30.775887000000004
A	15	SER	-37.659871130044998	42.097080000000005	28.406118159866118	-58.397160486784919	14.469349999999999
B	469	ASN	-37.330854077401803	23.404710000000001	19.156732947930898	-42.109215113376642	2.566530000000000
A	84	SER	-36.756152413932163	43.543790000000001	28.817343542768370	-58.871575298472926	16.546132999999998
A	101	TYR	-35.930138145164747	158.492989999999992	87.595493916599182	-137.950275009896274	16.468682999999999
A	98	ALA	-35.679017189021351	50.124499999999998	31.311002587973586	-68.388036896858736	7.847619999999999
A	16	GLN	-35.351819041610781	17.649380000000001	15.460367534831715	-37.707661729628420	0.541552000000000
A	240	LEU	-33.659845170127767	90.093960000000010	52.443938530245205	-91.129494338209255	20.305010000000003
A	66	ARG	-33.252879072616111	107.058019999999999	60.133794875792347	-123.760324266942561	26.992847000000001
A	233	GLY	-32.896550825529253	52.730139999999999	33.626279731189356	-58.470293546495654	2.879752000000000
A	177	SER	-31.066864128756652	44.485439999999997	29.311954100956868	-50.895241379564887	10.520432000000000
B	409	HIS	-30.940784571618398	70.563000000000002	42.849791756820579	-66.350970252629892	7.466233000000000
B	349	PRO	-30.801033431381409	37.590389999999999	25.426634542489289	-46.351539567218509	4.682335999999999
A	186	SER	-29.810814941864116	25.522859999999998	18.651379742488242	-39.154627986445476	10.099040000000000
A	17	SER	-28.581782002470739	46.365380000000002	29.281759703880496	-54.148939707436078	12.218470999999999
A	203	THR	-25.689897054105774	58.503590000000003	35.623316792992199	-57.488756078899705	14.735490000000002
A	142	PRO	-25.345823003465814	35.208820000000003	23.349195286725166	-40.601968110201440	4.466350000000000
A	149	PRO	-25.238474787554363	52.540900000000008	31.730999861885820	-52.883627464536836	14.910688000000000
A	8	GLY	-24.634679494578691	26.307850000000002	18.709315074132682	-33.870241117858370	5.887330000000000
A	241	LYS	-23.065708921380839	85.587400000000002	49.243539355865273	-86.464649414043194	30.490041999999999
A	99	LEU	-21.731729797521364	120.515500000000003	65.305256626558062	-111.361684792671639	39.520549000000003
B	382	LEU	-20.007967330766963	13.557200000000000	11.034749637475279	-22.798966675797978	0.461448000000000
A	54	GLY	-19.185126170451156	60.234010000000012	34.258241738500594	-58.542245456924206	14.055393000000002
B	412	PHE	-18.724470070704712	21.698760000000000	15.250865353245395	-26.385733076859040	1.291420000000000
A	40	SER	-18.134372499972653	33.017020000000002	19.186107562725056	-42.136267193665674	8.222780000000000
A	30	THR	-17.978492592596382	52.587840000000000	30.230945269257571	-51.940710257934754	23.947329999999997
A	111	GLN	-17.651590658061988	77.519549999999995	42.856722072345121	-70.916220629603529	32.125059999999998
A	235	GLY	-16.511637789666281	55.056770000000000	31.519527259124231	-49.943022993129262	12.301090000000000
A	201	SER	-16.426793476616645	18.345100000000002	12.670668513155372	-23.486954254940144	7.159410000000000
A	188	SER	-15.558504539352038	16.062500000000000	11.751639523198850	-23.631100963686322	7.028040000000000
B	465	LYS	-14.831052501552591	51.121020000000001	29.133513803776307	-44.085374615875700	14.559080000000000
A	140	GLN	-14.459838019067245	110.280579999999986	58.620364823741916	-86.926575256253713	9.190484000000001
A	159	ALA	-13.268272400053510	54.841460000000005	30.726453816394425	-48.540399597454055	3.606720000000000
A	31	ASN	-12.802356090861073	102.291350000000008	54.751087526003069	-85.172124027603843	17.175100000000000
A	200	GLY	-12.576781027647931	15.566020000000000	10.659041340327402	-18.644201827571127	4.255630000000000
A	213	ASP	-11.627658065003930	25.390300000000000	15.552303635387220	-24.072927901962505	8.910750000000000
A	151	GLU	-11.486875507427833	35.715509999999995	20.023520812361305	-47.796898932762566	8.063639999999999
B	385	ALA	-11.230496365120750	8.998510000000000	6.991485148833183	-13.501414400547079	4.487430000000000
A	73	THR	-9.563360120062885	42.382649999999998	23.638214185733460	-36.197820064953596	13.278485000000000
A	72	ASP	-9.146843375032301	14.643509999999999	9.529003654551756	-15.454299027619259	3.436470000000000
A	44	GLY	-8.146346161911726	33.531399999999998	18.779068618706653	-27.799114947961328	8.080904450000000
B	415	ALA	-7.419832255890145	6.843210000000000	5.113928582952552	-9.413184108530654	0.000000000000000
A	143	VAL	-7.361471764820395	30.506819999999998	16.846978078447506	-28.188814923170249	10.601861140000000
A	204	ASP	-6.810846656873649	26.733170000000001	14.967418201071643	-23.787080332233472	9.792080000000000
A	160	SER	-6.729775385731464	45.703850000000003	24.717323864100255	-40.929739695049918	15.664619000000002
A	14	PRO	-6.689029245778169	67.937680000000000	35.278755560858855	-53.648807969684441	15.186100000000000
B	348	LEU	-5.261750781077430	15.167899999999999	8.886352897074399	-13.371490499976373	6.168100000000000
A	158	ARG	-4.542997002215467	102.603449999999995	54.944905301847676	-91.183009647511909	29.917082000000001
B	470	ARG	-1.953827636299308	5.176340000000000	2.990110034570697	-5.558334239799454	1.740090000000000
A	3	GLN	-1.763687539642747	36.494999999999997	18.532584577678112	-27.408324671530501	5.568540000000000
B	408	GLN	-0.869875494647875	15.843719999999999	8.435205019610468	-14.668705909410329	7.131830000000000
A	61	THR	-0.285598438988173	15.844140000000001	8.119183727612086	-11.958792425857213	9.226710000000001
A	176	GLY	0.208327850830207	6.911500000000000	3.403671980200800	-4.687307715914102	1.563570000000000
A	141	SER	2.818562632135952	58.131220000000006	29.557164885712620	-58.190429863993700	13.673390000000001
B	350	VAL	3.370567427813473	1.516210000000000	0.148136924951632	-0.155882406527517	1.418060000000000
B	26	SER	3.627724146275258	2.816150000000000	0.608739150152850	-0.685874561361800	2.436320000000000
A	75	LYS	4.048058763200300	6.382900000000000	2.212044897350920	-2.715933295591856	3.717960000000000
A	148	SER	4.124998575635211	27.434020000000000	12.984904094614585	-18.386397470063777	9.233960000000000
B	466	ILE	4.308299344807040	13.920160000000001	5.903538643146234	-7.733059228723137	8.632719999999999
A	162	SER	5.566128599090493	41.478289999999994	20.498824417589852	-30.234446821150556	21.261450000000004
B	17	LEU	7.309251871674170	27.336620000000003	11.859418140640035	-15.587527348160908	6.935510000000000
A	194	SER	8.367946059391391	7.560930000000000	1.878740503371888	-2.159836855078237	4.838910000000000
A	174	THR	8.502738869295959	4.183720000000000	0.539301678111485	-0.589469115900317	5.943260000000000
A	118	SER	9.078633651535714	44.717190000000002	20.158987412754787	-27.058785904352625	9.388360000000000
A	137	LEU	9.310255067800327	46.930250000000001	23.410955014306918	-39.829196513833324	20.758552000000002
A	214	PRO	10.770629278995596	37.746300000000005	16.244462336851083	-21.471884319755056	14.499530000000000
B	47	GLN	10.797421463360818	4.930440000000000	0.496281027133248	-0.523071710146623	3.651220000000000
A	234	ALA	11.239646719561151	37.435479999999998	16.097349131967320	-21.831067317267394	16.186489999999999
A	136	ILE	11.618742137785230	130.630429999999990	62.311727338624863	-91.110771858264116	12.988899000000000
B	29	ARG	12.640275300765870	10.462899999999999	2.406850268582480	-2.735131153907846	2.364020000000000
B	472	GLU	12.673248790459633	3.931700000000000	0.157435003128415	-0.161026644554009	6.191000000000000
A	86	GLN	12.952721543179727	40.695070000000001	17.597166380712853	-30.207359954875805	15.430709999999999
B	411	GLN	13.799522003184714	15.229490000000000	5.350774405029978	-6.965442061167746	8.357240000000001
B	15	THR	14.345295705686155	8.787010000000000	1.502928455582007	-1.663754681549926	7.780100000000000
A	193	PRO	14.939050357907794	5.408510000000000	0.321900979221265	-0.331918982493173	6.374728000000000
A	13	GLN	15.055903214372368	24.586440000000003	9.002636395108361	-11.691851155672094	6.426130000000001
A	135	ASP	16.218448335207064	49.328000000000003	21.303248290355114	-29.368625809898607	19.962900000000001
A	123	GLY	17.338313853834066	14.222200000000001	3.244005644833260	-3.682030158663205	9.936000000000000
A	2	VAL	18.032765332873346	92.981529999999992	43.279431551039281	-64.021052489584775	12.842792899999999
A	215	GLU	18.859573675306219	37.695110000000000	14.499198938929577	-18.734112652935750	13.620240000000001
A	55	GLY	18.950581572607515	37.267189999999999	14.467512680816931	-19.457501653598534	13.323726000000001
A	175	ASN	20.203674785420059	7.350190000000000	0.554395923478883	-0.582477977121974	13.813369999999999
A	227	ASN	24.168393287763713	91.878649999999993	40.751496190727217	-64.482034634017765	10.898086999999999
A	128	GLY	27.546530463632688	10.930199999999999	0.813782312183616	-0.845669382805161	5.202770000000000
B	25	LEU	28.292685400814300	12.050599999999999	1.136706060867554	-1.201342403650058	13.259560000000000
A	62	PRO	28.320654791024666	13.421680000000002	1.489608374451111	-1.585654349212927	9.275679999999999
A	24	VAL	28.444853585167252	51.007200000000005	21.298196616565232	-30.838732816405521	1.730700000000000
B	22	ASP	29.364209801722534	37.299420000000005	12.034011981459368	-14.694669198061405	6.883883000000001
B	353	ARG	29.541542344494545	23.674219999999998	5.283082094615482	-5.979144768262191	11.102340000000000
B	471	GLY	29.579117110255954	33.762680000000003	11.404014993015148	-15.006881293551251	8.631850000000000
A	119	ALA	29.613091715192972	32.361550000000001	9.917138123940838	-12.370639108028710	14.892950000000001
A	125	GLY	30.942703589004370	27.955269999999999	6.947290238060319	-7.987974615371837	10.195100000000000
A	76	SER	31.476195387869549	58.435250000000003	22.447254670729098	-29.533249179373094	7.849777000000000
B	18	GLY	32.277810281265225	50.485430000000008	17.741469358150102	-22.235376478845808	1.990426000000000
B	16	GLN	33.274051823192792	40.935749999999999	13.860144135032671	-18.074480843542940	10.005510000000001
A	131	GLY	33.521864486776032	13.757400000000001	1.106382030300414	-1.153409097979855	11.094900000000001
B	20	PHE	34.604030073507808	44.278599999999997	14.334602912532640	-17.751026078070637	11.434750000000001
A	87	THR	35.256919675192329	74.480310000000003	29.457827144715509	-45.792299019015772	30.591190000000005
A	41	PRO	35.562490174722342	36.247410000000002	10.084354065006785	-11.947656531657778	14.912493000000000
A	25	SER	35.743306733546646	40.478029999999997	13.459605486775192	-17.448026900526454	11.264630000000000
A	28	SER	37.728090577972360	54.649140000000003	19.350341764276155	-24.801900735048790	16.187397000000001
A	100	THR	39.819484480661409	46.607709999999997	15.192136581823888	-19.222646736853989	23.853529999999999
B	473	ASN	46.467581665687646	41.634299999999996	10.977990539109060	-12.899006495315060	18.971850000000000
A	126	GLY	46.841865210433070	21.503250000000001	2.316905018802434	-2.475305318748155	11.956920000000000
B	50	TYR	56.759691120297106	27.527000000000001	3.106395163476300	-3.296085862899194	8.375710000000000
A	129	SER	60.959593433887122	60.064109999999999	18.954324967211686	-24.953281244161264	34.693359999999998
A	173	ARG	61.687146214253175	78.281859999999995	27.720677204652834	-44.708387481840447	31.373017999999998
A	127	GLY	61.897450687108361	34.710079999999998	5.322933841777674	-5.838024314788220	8.123619999999999
A	32	TYR	62.516038345666502	140.221700000000027	56.255522014159190	-77.222665868648079	16.388376000000001
B	474	SER	66.230661973206907	26.789680000000001	2.132118007327967	-2.225770264786274	18.973160000000000
A	97	ARG	66.622132630940698	172.708399999999983	71.209088585858495	-127.112239126152957	7.279669400000000
A	134	SER	68.148920776799528	33.736140000000006	4.745801833556784	-5.319065046727505	20.052909999999997
B	19	THR	69.461500242298314	47.744360000000000	10.914458022811338	-13.955255977676387	3.795123000000000
B	21	GLU	69.551357495404190	46.623299999999993	8.997307490977860	-10.200283282362593	13.224380000000000
A	26	GLY	70.321526369180432	55.697279999999992	14.315251978716510	-17.599056627808281	9.694125000000000
A	161	GLN	90.945687330570905	89.762929999999997	27.476515303128039	-36.115736688307663	32.510050000000000
A	27	PHE	105.207296577446954	76.491519999999994	16.784325670284563	-19.387351806502387	6.190597999999999
A	88	ASP	109.256030616325887	78.791399999999996	17.266175419979163	-20.269730574188525	32.860869999999998
A	43	LYS	117.673919974603706	47.509819999999998	3.972094217266159	-4.198541787835913	25.448590000000003
A	1	GLN	142.159272013035604	75.458969999999994	10.178381419995592	-10.985422452558650	22.704924999999999
