chain	seqnum	resname	area_pseudoenergy	area	area_expected_to_persist	area_goodness	boundary
A	101	MET	-415.660903874377482	137.140889999999985	125.693853585103071	-428.779494644374836	0.000000000000000
A	89	MET	-399.560306761827746	121.533249999999995	112.146091752029008	-410.914567391836556	0.000000000000000
A	87	MET	-370.401971843526326	110.924190000000010	105.423742585305860	-376.159333553266492	2.290400000000000
A	74	PHE	-356.367468588799682	148.936990000000009	129.118237635497849	-378.889310835939341	3.778043000000000
A	88	VAL	-351.744255230491660	105.797899999999998	96.886936037638407	-362.807156456308007	0.129158000000000
A	34	ILE	-341.649324014967874	116.830600000000004	107.297787433077886	-352.227585952925949	1.481192000000000
A	86	LEU	-335.633493832638806	124.235529999999997	110.947319147657367	-351.081081362204316	0.817103000000000
A	53	LEU	-333.507381816131669	140.549859999999995	123.025175660267081	-357.046719202221823	2.430961100000000
A	32	VAL	-306.701663004708337	97.836290000000005	91.844865615852711	-313.963407051040235	2.383756000000000
A	69	PHE	-303.164025600376419	129.177109999999999	110.865467010256026	-326.704478081509592	3.812744000000000
A	102	VAL	-301.653482391297473	103.350539999999995	95.831585975127581	-310.392055318683902	2.817257000000000
A	126	LEU	-294.576787569293174	125.535610000000020	110.682451321317942	-311.609990515779543	1.614234000000000
A	91	ILE	-293.913467800752755	116.678950000000000	104.920848077271572	-307.663618068068274	0.000000000000000
A	105	LEU	-292.301119022485864	112.755220000000008	101.416347382268981	-304.720296868237426	2.155987000000000
A	83	PHE	-291.783680268852663	139.905169999999998	118.000808398653561	-320.157442049869985	0.000000000000000
A	30	VAL	-290.957279797300771	117.736059999999995	106.142330475449867	-303.686877460651999	0.000000000000000
A	84	GLU	-282.269777711529969	117.719819999999999	102.015369768835910	-301.480682595076246	26.720839999999995
A	72	TRP	-280.536383337328175	148.571500000000015	112.711068255905445	-328.309146800004100	3.859058000000000
A	52	TYR	-278.861224226442573	143.671959999999984	111.965834849109740	-324.137623619995793	5.994226000000000
A	106	LYS	-278.339740418622341	106.775830000000013	91.705559655063240	-298.225515476873284	31.640180000000001
A	31	LYS	-277.066673909214501	126.324590000000001	104.707346812953489	-305.979335367304259	21.462029999999999
A	103	VAL	-272.091234787691803	102.943129999999996	91.516328808379896	-284.829097895000643	2.305323000000000
A	37	THR	-267.019190300186210	105.649429999999995	95.883668580427354	-277.444782589309455	23.750766999999996
A	36	PHE	-264.454006482284171	129.536160000000024	109.662308347427981	-288.233859075040357	0.123454000000000
A	85	VAL	-264.152815567133757	95.417580000000001	86.799997190243346	-274.059451913056932	2.307670000000000
A	118	ILE	-249.139727109347007	112.990810000000010	95.497774669950047	-270.831715138960647	1.788406000000000
A	38	TYR	-246.774269786413413	123.926420000000007	105.836697574401001	-269.198233643904985	17.316540000000003
A	124	ILE	-241.076944138634360	117.181100000000001	98.978322365401056	-262.867469001164125	4.586724000000000
A	16	LEU	-240.225113516146621	89.796880000000002	83.169752640034872	-247.925939999576684	0.378814000000000
A	109	LEU	-235.394383392260011	131.102149999999995	108.032088468795578	-264.095752495021998	4.789411000000000
A	125	VAL	-233.093762638061378	101.175839999999994	89.807122824253241	-245.470241118809298	1.133951000000000
A	107	VAL	-230.840984516086763	90.344799999999992	81.125134176876514	-242.067997753508592	0.000000000000000
A	54	TYR	-225.187770394629723	115.411360000000016	93.944890883090878	-260.832923556109392	18.665780000000002
A	121	GLU	-222.578460512941234	104.036810000000003	84.114764373833594	-246.840867727919630	36.245930000000001
A	99	VAL	-221.169863920556764	101.535579999999996	86.426844944760646	-239.266340277022579	0.000000000000000
A	10	ILE	-216.057862726644800	112.528189999999995	87.250618288239579	-250.145952197185863	11.840311000000000
A	127	MET	-203.224404551414153	102.045500000000004	86.109876377650949	-225.959706415192244	11.554076999999999
A	8	LEU	-199.363913391202800	109.078649999999996	87.491037758425108	-231.937794683193601	15.801859000000000
A	108	THR	-198.251576470194493	68.884820000000005	63.208328699552837	-205.312385101882285	15.059030000000000
A	104	SER	-197.480762791121919	87.055540000000008	74.783898047892251	-223.020084677222968	22.941459000000002
A	33	VAL	-196.571792384007352	95.292710000000014	78.456810478100849	-219.293849559195024	10.232166800000000
A	135	TYR	-188.511764657284061	128.528369999999995	97.167176922876905	-235.062929954376017	18.151378000000001
A	145	ILE	-186.377379069299479	91.551130000000001	76.508317393668648	-206.515911254429085	16.187825000000000
A	44	ILE	-182.788637516557287	116.407929999999979	94.965883866570266	-207.280794108077117	5.313760000000000
A	116	LEU	-182.571316128791011	101.601949999999988	82.403888818714137	-205.560271166777653	13.702430000000000
B	467	ILE	-182.471454787451194	93.833769999999987	80.095002218724190	-199.233509278996451	1.520148400000000
A	143	LEU	-176.586898603262028	114.070049999999995	85.492874497038855	-224.056007509066575	30.864511000000000
A	47	VAL	-173.958310829389291	100.924219999999991	81.768135781924215	-198.179824999529444	8.487990000000000
A	151	ILE	-169.116114726095134	98.455770000000001	80.980599549475286	-192.945793104480003	20.969079999999998
A	117	ILE	-165.927375825836833	90.340209999999999	74.865904352299566	-185.104833486073602	9.748339999999999
A	100	ASP	-165.888163496937494	104.405450000000002	81.893367464407532	-193.395171258782909	5.379269000000000
A	61	PHE	-161.025799550827685	119.081589999999991	91.858137686270169	-192.997757103331907	20.559305999999999
A	29	ARG	-160.079091714267662	135.624740000000003	93.025013395370323	-246.421291709330887	33.820020000000000
A	90	ASP	-155.689035867497211	106.365229999999997	75.057790428408907	-208.541449963608443	23.325341999999999
A	28	TYR	-154.977223812526745	137.980090000000018	100.279267376295451	-207.384507348556838	23.113595000000000
A	35	THR	-154.484390085979015	98.415120000000002	76.675658071605312	-186.242152125894734	18.973440000000000
A	6	TYR	-151.879977850052569	78.586590000000001	65.063682135883482	-169.510572391496197	15.436860000000001
A	73	PRO	-145.845741843124387	86.530519999999996	71.107982242287534	-165.400328506691494	21.438800000000001
A	49	ALA	-145.371352512065073	77.518679999999989	64.435872135793190	-160.992027660220003	4.340748000000000
A	120	VAL	-144.573626486737993	96.087869999999995	74.100792083042521	-179.785059117623177	20.043678000000003
A	122	THR	-140.767303784704296	92.497689999999992	71.527457778887353	-168.020166215587182	1.537895300000000
A	20	LEU	-137.254626121816926	97.765799999999999	76.415403323419156	-163.565534922712573	0.000000000000000
A	76	ASN	-133.549437540630294	95.668049999999994	69.347252726406523	-167.628391307415342	4.990963000000001
A	42	LEU	-133.247674079472262	104.461860000000001	79.333952623609207	-164.021010554304667	15.817701000000000
A	137	LEU	-132.582416727678265	135.964200000000005	89.131414381238386	-206.611938118132997	17.376320000000000
A	134	GLU	-128.174645362189437	103.155759999999987	76.588126664696972	-166.536089477115496	22.158030000000000
A	12	LEU	-128.145853597129474	84.304640000000006	60.267042824607017	-164.711844450486666	9.109428300000001
A	81	HIS	-124.517416280540488	87.683150000000012	66.852777490024138	-152.181410235795340	16.358930000000001
A	13	GLU	-122.374345085421098	78.951579999999993	62.060954674285256	-149.168660755296344	19.004680000000000
A	119	ASN	-121.786375834107460	88.484209999999990	59.956853510815591	-170.898944421931503	25.600130000000000
A	155	TYR	-118.073083065000816	145.269920000000013	96.578865812786589	-189.145454236358262	18.365971800000001
A	93	LEU	-115.206424584154746	81.507520000000000	65.013690068046088	-133.994412027071036	11.923140000000000
A	51	GLY	-114.863258449341089	54.125740000000000	46.605194230891591	-124.002352812808709	0.000000000000000
A	23	TYR	-113.512822369938107	123.149790000000010	85.736428672756318	-162.224481332337859	11.664337000000000
A	50	GLU	-112.358532066729751	123.976339999999993	77.309761429149788	-192.319044524142214	19.797652899999999
A	144	THR	-111.782841083559248	71.832940000000008	56.153179650503041	-132.252823950334459	14.006868000000001
A	136	HIS	-110.985788027495133	102.586640000000003	72.350073781581202	-154.408806224974796	25.404471000000001
A	46	LYS	-104.621985470377766	95.233400000000003	59.264382455963379	-178.636846409170886	30.234013999999998
B	438	ILE	-104.564631917926789	30.973199999999999	29.915360978105277	-105.642249041130441	0.000000000000000
A	98	THR	-95.630748385033343	88.348910000000018	64.944786654457843	-128.898661555678075	22.053480000000000
A	153	VAL	-94.910154086947841	83.576829999999987	58.091247768765783	-135.101058848663030	18.554100000000002
A	139	ALA	-92.067916675253258	68.678029999999993	51.221414274214609	-117.704004330740688	3.257247500000000
A	82	THR	-90.305729437761286	50.086050000000000	41.269171353075862	-100.826995321378917	9.257830000000000
B	417	VAL	-90.254298704442078	39.305280000000003	34.680638052094878	-96.175972749009347	0.000000000000000
A	75	VAL	-89.680079673294657	80.543849999999978	56.528964158239056	-124.783529818066953	16.634242000000000
A	24	PHE	-88.817219656327453	113.355239999999995	73.014424244288691	-144.944199805891003	11.922850000000000
A	110	ARG	-88.344489082885516	96.567480000000018	62.571289127961734	-150.280798801315996	19.628769999999999
A	92	LYS	-87.980698303532137	72.307890000000000	54.385546079357184	-115.220001067256149	21.423252100000003
A	141	GLY	-81.904865903568975	55.332189999999997	42.815856284437267	-97.205608048712463	10.039586999999999
A	5	LEU	-81.344742812072838	66.758000000000010	50.683906711614163	-100.284561135290176	14.548299999999999
A	60	GLU	-81.251094283433233	79.915289999999999	53.635696331799551	-121.064934214218695	17.996471000000000
A	138	LYS	-80.359337095135373	100.679450000000003	67.992766066575570	-141.878644353001278	35.836129000000000
A	48	GLU	-80.240576665488248	90.191000000000003	57.108151389954365	-140.616420006169676	15.162679999999998
A	161	VAL	-80.206432341911835	62.098119999999994	47.190024217028345	-98.984080800452972	11.960960000000000
A	71	SER	-79.576403777920518	68.759550000000004	43.994417469080290	-120.190860457534171	0.816615900000000
B	468	SER	-77.368024249782167	63.873890000000003	46.443157113611349	-102.583823544782874	7.537326000000000
A	11	VAL	-77.028870151917261	34.592839999999995	30.205598697292032	-81.874392258679535	4.498373000000000
A	178	ILE	-76.373249381101971	61.852740000000004	44.047858730254205	-104.661505041589592	13.468128000000000
A	123	GLU	-76.066088339064081	116.132840000000002	68.705262486301180	-172.676598736902179	49.649844000000002
A	68	PRO	-75.901104336259522	90.470720000000000	61.520102723969515	-116.600179494677377	19.895802000000000
B	409	HIS	-74.448197878104196	67.628399999999999	50.594797844968440	-94.189151915988930	11.115069000000000
A	140	LYS	-70.298844825748148	71.909139999999994	50.817057770211186	-107.616989715432638	30.253657999999998
A	17	THR	-69.187093530441260	44.876980000000003	36.306885958002887	-79.286439515629382	1.767220000000000
A	7	THR	-67.500786644233187	44.037639999999996	35.648958110619276	-77.950723776507644	12.674070000000000
B	412	PHE	-59.428584939700471	28.512450000000001	25.352815641920671	-62.778272646072523	0.801898000000000
A	162	THR	-56.948932312218766	57.853690000000000	41.399702975432028	-77.023057353902630	9.589800000000000
B	440	SER	-54.440970661597675	28.682379999999998	24.869190482358412	-58.549105196993082	0.050370500000000
A	26	THR	-52.860615272360462	39.239999999999995	30.885963092049600	-62.384621263077875	4.172170000000000
A	78	LEU	-49.657854396835489	66.003200000000007	41.214440726175347	-84.308824786037249	24.284490000000002
A	142	THR	-49.030316910212747	74.042489999999987	48.475002743180070	-88.964555038764956	20.961230000000000
A	154	THR	-46.192183590913480	63.573419999999999	41.828814981018013	-76.495591234135503	16.041136999999999
A	55	ASP	-44.470341727886684	40.700470000000003	29.707269926313639	-59.140002298398606	9.464440000000000
A	43	VAL	-44.096181559905354	38.668939999999999	28.166910054752627	-58.570870356803226	13.023930000000000
A	163	ASP	-42.995601245701096	90.528999999999996	54.383559265575066	-95.566165458621029	30.986940000000001
B	22	ASP	-40.209438120576010	52.239640000000001	35.129006592627327	-61.843350032813447	0.524267800000000
A	158	GLU	-39.224101130570894	57.385909999999996	35.817725924422064	-86.852533320067394	23.232298000000000
A	133	LYS	-36.389577075661762	63.993309999999994	40.184006095761134	-67.120659509090132	15.699870000000001
B	19	THR	-35.277320908794884	47.943999999999996	31.868573050033319	-58.530393261436515	14.550096000000000
A	156	VAL	-34.729471105294564	75.822450000000003	43.512150134827991	-91.334166663698696	19.243845700000001
B	384	GLN	-34.609144957590644	54.341200000000001	35.011084364614433	-60.369139344996839	8.055650000000000
B	418	SER	-32.931540407426162	47.489499999999992	30.389980285404448	-55.459209226211215	10.527222999999999
A	80	ASP	-32.775675417406511	64.794259999999994	39.346471576268101	-78.388087880495448	21.498010000000001
A	160	GLY	-30.739951201754604	54.366239999999998	34.372633704307297	-56.305149111715750	0.000000000000000
B	465	LYS	-28.084049096484350	80.383499999999998	46.475278043498868	-86.277922616535236	19.059379100000001
A	4	PRO	-27.091840929783388	28.156790000000001	20.161517523007998	-37.190091599926603	6.611630000000000
A	9	GLU	-23.186747051081248	45.743020000000001	28.229090594348232	-51.235073214881709	16.702539999999999
A	176	LYS	-21.315521712496029	59.199299999999994	33.721816880904669	-91.400967033722338	17.766680000000001
A	168	VAL	-20.390365102810616	67.460509999999999	38.334708750180120	-64.277063951808529	14.940150000000001
A	174	ILE	-19.921280172230169	92.442880000000002	49.457625574835923	-105.575845536033512	22.393599999999999
A	19	ALA	-19.802801553961658	37.409540000000007	23.505246816177358	-40.678491289931003	4.000200000000000
A	129	GLU	-19.658766467577955	63.920000000000009	37.598058889161116	-67.914445021634776	23.873640000000002
A	152	LYS	-17.631704243869791	86.329419999999999	45.331867660553378	-98.796057992350683	26.562550000000002
A	40	PRO	-17.137239798027391	68.008769999999998	38.516980324313550	-64.217325604911480	24.341420000000003
B	25	LEU	-17.028922841033889	66.832999999999998	37.256809057724858	-57.268606241019370	12.174460000000000
B	349	PRO	-16.930199460177029	49.289400000000001	28.825354179119799	-43.422975820970393	10.301493000000001
B	18	GLY	-16.202408411660720	49.611050000000006	29.225977680086089	-48.828475944185037	7.701045000000001
B	466	ILE	-14.465714420013020	17.848070000000000	12.201891320047446	-22.318720206048656	9.107240000000001
B	415	ALA	-14.179283677346801	7.425910000000000	6.467637356019388	-15.205279804897765	0.000000000000000
B	382	LEU	-10.057866039100652	9.031739999999999	6.799113142120464	-12.622454411230445	0.000000000000000
A	56	LYS	-9.524781767001375	40.239999999999995	22.672519885702638	-34.888072819162460	18.643970000000003
B	408	GLN	-8.981728948873856	9.027820000000000	6.590792523652152	-11.822218020577441	0.451814000000000
A	27	ASP	-5.740125930138641	54.849840000000000	28.909462465445571	-42.853909131343705	24.076889999999999
A	115	LYS	-5.071012474333868	53.591839999999998	27.443179125062834	-42.594841226335646	15.932890000000000
A	39	GLU	-4.187559956177603	77.276550000000000	39.646262074665401	-58.418347584880706	24.318390000000001
A	70	ARG	-3.397786515330438	122.039690000000007	53.472024299445970	-153.141225114729934	46.202410000000000
A	22	THR	-1.834090025687059	32.770099999999999	16.847373810182351	-24.837907766898013	13.640689999999999
A	79	ASP	0.518563615412589	22.099299999999999	10.920015044324630	-15.060306667038196	5.707230000000000
A	173	THR	1.735661555769362	37.753419999999998	18.612554432970597	-26.911114779395700	7.974440000000000
A	167	LYS	2.245971895495032	49.926869999999994	24.334454966069174	-36.541124699185858	16.339259999999999
A	77	MET	2.755233155688718	108.262889999999999	53.209029033803823	-87.775223062329005	24.416639999999997
B	348	LEU	3.216848863716704	1.222450000000000	0.082075163139137	-0.084960310584206	2.747420000000000
A	15	LEU	3.384566896773372	93.627710000000008	46.814728825920902	-69.801817779393062	17.037728999999999
B	441	GLY	3.606282843901948	15.796020000000002	8.139929392564387	-13.676042572330244	7.120318000000000
B	449	ASN	5.052964946751598	1.820200000000000	0.106722389141450	-0.109979012685911	4.782610000000000
A	3	PRO	6.456032485088016	34.760869999999997	15.786999202601780	-21.398679068747732	14.601490000000000
B	469	ASN	6.857820467142576	11.856510000000000	4.329972582907740	-5.546773624065391	8.358100000000000
B	32	ASN	7.164478090778556	1.634310000000000	0.020141481128893	-0.020266623690129	3.482650000000000
A	148	GLU	7.768598789327997	1.656470000000000	0.015081159201574	-0.015150231184730	3.367840000000000
A	164	ASP	8.528958245902775	36.536600000000000	16.158863555634682	-21.426578807108136	18.719149999999999
A	175	VAL	9.833856900471815	38.341360000000002	17.421365930348131	-26.218489589310984	8.155340000000001
A	65	GLU	10.889060680495083	3.002260000000000	0.077782504043840	-0.078807846454699	6.142270000000000
A	58	GLY	10.982739241651551	5.376300000000000	0.617098651039890	-0.655481371789206	4.766920000000000
B	350	VAL	12.421841593661302	16.625299999999999	5.344025718656679	-6.446982501747283	7.874630000000000
B	356	SER	12.602546506062641	3.265850000000000	0.067458737212472	-0.068165189384449	5.044100000000000
B	473	ASN	14.336130094279756	38.094099999999997	15.504779848763921	-19.907493930415011	21.020499999999998
B	21	GLU	14.890626029676266	47.142320000000005	20.389101439482765	-32.979800781704931	16.450295000000001
A	41	ASP	15.081875976989267	16.036659999999998	5.207329014010654	-6.851387686980396	9.559640000000000
A	147	GLY	15.110740590122647	8.003760000000000	1.052316661283256	-1.128226966474946	8.360310000000000
A	67	SER	15.937112993068069	6.688490000000000	0.573244361207134	-0.600186422428822	7.424780000000000
B	471	GLY	16.100114802150291	19.792960000000001	6.105202996951082	-7.329681088921075	12.653800000000000
A	132	LYS	16.260717429727741	6.707250000000000	1.097016873270272	-1.268829201072392	9.196450000000000
B	436	ASP	17.411592796354412	7.761910000000000	0.744652672696481	-0.782835120051019	6.030430000000000
A	62	PRO	17.902487435261566	15.552720000000001	3.766762445194440	-4.332504861673074	3.916030000000000
A	172	LYS	18.063811109023746	48.562680000000000	23.189248199338614	-45.197326414946879	19.437300000000000
A	170	PRO	19.184165457590765	16.211359999999999	3.852595283826732	-4.427605437356354	3.690500000000000
A	157	THR	20.207297839228353	94.944650000000010	43.562356982781502	-72.638378501629404	16.682169999999999
A	128	ASP	23.138388784257423	47.547330000000002	18.820275094754287	-25.567004652315259	14.260830000000002
A	45	ARG	23.168239918420124	95.436749999999989	44.464080089430887	-76.408584715747040	41.653897000000001
A	114	ASP	24.098533633553501	12.012470000000000	1.468446214543209	-1.572030149076109	10.565726999999999
A	169	THR	24.420931298076216	75.544730000000001	33.484888262327409	-48.773091358373762	13.505293000000000
B	26	SER	25.016936708885041	18.236670000000000	4.068323127981693	-4.708540375630508	6.626469999999999
B	16	GLN	25.312939648142859	35.013939999999998	11.852617472680921	-14.753629233172516	10.229699999999999
B	15	THR	25.381981372040450	8.681979999999999	0.467399377839344	-0.482010019931283	7.351460000000000
A	111	LYS	27.402910193978169	45.572550000000007	17.837185018004568	-25.598952476204555	19.556780000000000
B	411	GLN	27.598997759734061	33.617260000000002	11.625320812486542	-15.251651903274775	14.956299999999999
B	464	THR	28.541729920863396	9.626890000000000	0.636858998813187	-0.665800764768470	15.259699999999999
B	17	LEU	28.733143413351439	21.834340000000001	4.704107048252598	-5.328198581794746	10.896839999999999
A	177	GLU	30.362630918719276	54.384510000000006	19.957682328685024	-25.429389502457276	16.971690000000002
A	149	GLY	36.604403056755018	12.225899999999999	0.620649912655131	-0.640090586962239	7.477428000000000
A	146	GLU	36.729544054371353	41.381420000000006	14.633023284014170	-19.015137576898347	20.619686999999999
B	357	PHE	37.868440847940093	19.308499999999999	2.381391048023200	-2.541558482765004	14.520799999999999
B	463	LYS	39.156800557439944	17.375800000000002	1.651497415970324	-1.735338221728921	13.604799999999999
A	97	LYS	39.885453012653684	50.636799999999994	17.817647111983142	-23.710138632314994	20.256860000000000
A	64	GLY	45.463247817982435	40.098399999999998	9.848417982114960	-11.357901090032932	10.922929999999999
A	96	ASP	46.539020932625576	24.346100000000000	3.135917468002370	-3.357090982916661	12.830299999999999
A	21	LYS	47.632100660833899	36.672860000000000	9.074048195933544	-11.043217007037116	16.165469999999999
B	353	ARG	57.285156323252181	73.745300000000000	24.314933062405871	-30.950468778135459	24.647500000000001
A	63	LYS	60.905883259002742	139.679440000000000	57.361337753282747	-85.249656366050075	21.391549000000001
A	18	GLU	66.398010617289515	23.492719999999998	1.323087816498539	-1.362486483567066	19.188250000000000
A	150	LYS	70.022171788626437	64.715419999999995	16.728433961534456	-19.639920592233477	20.971248000000003
A	130	GLU	72.913628011446562	33.391010000000001	3.600562935154592	-3.834096660145534	20.912839999999999
A	159	PRO	74.893528989547150	72.573350000000005	19.909435419069137	-23.836799157392345	23.531053000000000
A	179	GLU	83.458230809620204	43.123320000000000	6.632671947190220	-7.346865609673721	20.829380000000000
B	443	LYS	86.017792436275869	30.726780000000002	2.142081520755528	-2.238293658754102	27.329950000000000
A	14	GLU	95.157898302486075	52.637709999999998	9.989767035772227	-11.952879866976041	27.029480000000000
A	171	GLU	98.896605098103294	65.112400000000008	12.027371971277461	-13.465337058061607	17.305460000000000
B	29	ARG	103.029665383265467	103.521069999999980	29.411446468679959	-35.354105090660497	24.212134999999996
