chain	seqnum	resname	area_pseudoenergy	area	area_expected_to_persist	area_goodness	boundary
A	101	MET	-433.974811922122285	133.565130000000011	124.386068386851065	-444.191908680541758	0.000000000000000
A	89	MET	-415.323242468440299	123.013199999999998	114.646764703633011	-425.000451183673476	0.000000000000000
A	74	PHE	-406.065156872603950	153.393639999999976	138.129194504938454	-422.744202913463255	7.929793999999999
A	72	TRP	-370.186921708096747	152.575600000000037	128.929614318794108	-404.922936065088720	9.003086200000000
A	34	ILE	-361.525250038216257	121.546989999999980	112.246782830419434	-371.798400271615776	2.832840000000000
A	87	MET	-359.824428242006718	111.483699999999999	105.000573730175233	-367.182608705536836	0.000000000000000
A	88	VAL	-359.368751904195619	106.465899999999991	97.858050619806420	-370.090573460855239	0.000000000000000
A	86	LEU	-356.465349855817180	124.535870000000017	113.828867496153251	-368.121829095798148	6.856083000000000
A	126	LEU	-348.757312753016379	130.612349999999992	118.598421535450441	-363.521650403728074	3.363400000000000
A	83	PHE	-336.938291278677639	140.849400000000003	123.320143182176452	-358.540837724157086	0.000000000000000
A	54	TYR	-331.623050102444381	124.238739999999993	110.282112243874593	-352.175809455664535	18.818770000000001
A	91	ILE	-326.880304108025825	115.633860000000013	104.983557168191510	-339.561188645871539	0.000000000000000
A	105	LEU	-319.409429015526086	121.916250000000019	109.972997403874857	-333.947929408201787	3.058051000000000
A	53	LEU	-318.330706792881415	142.249959999999987	124.016248347295772	-340.509951448857237	1.204823000000000
A	30	VAL	-305.172126528530725	114.018789999999967	105.065663000753517	-314.757096907555649	0.000000000000000
A	36	PHE	-302.330651935189223	132.383790000000005	116.547585950437551	-320.510385994940521	0.539650000000000
A	32	VAL	-295.768522893293948	103.659889999999990	96.278841399962928	-304.128736965150608	2.689774000000000
A	31	LYS	-289.688268415810853	120.820010000000011	104.341270612064349	-311.856515044467130	26.029079999999997
A	102	VAL	-289.222425061077445	109.876689999999996	99.146073306315941	-301.990708617803250	2.782479000000000
A	69	PHE	-282.605920364327858	125.754210000000000	108.860911452588056	-303.562631199864370	1.428004000000000
A	52	TYR	-280.226893791184864	148.294669999999996	114.983709189086284	-322.576004993449317	10.650755000000000
A	10	ILE	-278.842542175548544	116.595699999999994	97.744368920600508	-304.906804693450624	9.388890999999999
A	118	ILE	-273.974610830855852	114.727580000000003	98.988210283935274	-292.606992166087650	0.000000000000000
A	107	VAL	-268.572587126322333	100.392730000000000	90.143674295860350	-280.614048329782065	0.000000000000000
A	124	ILE	-267.310739502848492	119.054280000000006	103.257636311094714	-286.959258580914423	1.753391000000000
A	99	VAL	-266.304398132486654	102.245720000000006	90.913268018579515	-279.143175740425761	0.000000000000000
A	103	VAL	-264.679684711810580	91.093400000000003	82.512021077442355	-274.816122511511878	0.000000000000000
A	135	TYR	-261.560592170227096	133.686149999999998	110.982203209976078	-292.027434353591730	17.351545999999999
A	106	LYS	-261.156462373775923	112.525300000000016	96.029373507919161	-282.422366572494525	33.003337999999999
A	143	LEU	-256.951224944292960	137.013779999999997	109.321065646886865	-294.376532762805823	20.764609999999998
A	38	TYR	-254.932945404633500	126.315340000000006	107.523812210022498	-277.648526058867390	16.796530000000001
A	125	VAL	-253.741327538506681	106.187119999999993	96.048960786375531	-264.552117308485549	6.045601000000000
A	120	VAL	-250.304252329567419	106.322450000000018	93.689870982410881	-266.000284613349663	2.126600000000000
A	127	MET	-249.997697708826138	108.561530000000005	95.301497693030129	-265.635494680511556	12.559049999999999
A	84	GLU	-249.972782835900489	121.358820000000009	99.928816968721947	-289.812492446618080	32.894239999999996
A	85	VAL	-247.933144606369467	93.125460000000004	85.055293411311482	-256.584934577188392	0.000000000000000
A	109	LEU	-242.576388033830113	132.011290000000002	111.510377105326114	-265.959970264569336	5.851757000000000
A	16	LEU	-226.724177462620986	84.220599999999990	78.667630789045191	-232.489932430159996	0.000000000000000
A	145	ILE	-223.784878102088754	99.291339999999991	85.457985107486707	-241.202264334471408	15.514750000000001
A	35	THR	-219.789585780044575	100.132459999999995	85.226765945107829	-237.328979046386166	14.770299999999999
A	76	ASN	-216.573456628930927	93.819710000000001	80.526475158268752	-231.702078030808593	12.596930000000000
A	33	VAL	-214.541007562387250	92.312640000000016	80.570256626758209	-227.852445338565815	6.643430000000000
A	121	GLU	-212.002358039982170	93.996289999999988	80.804133022344047	-230.326022946602393	37.733443000000001
A	8	LEU	-208.860385787783315	110.632820000000009	90.131902667030730	-238.143874246597079	13.448170000000001
A	29	ARG	-207.022032314852623	133.378489999999999	91.026051176641900	-273.698747763149527	32.614030000000000
A	37	THR	-206.641887354483771	102.564820000000012	88.597006994472565	-224.462475939186760	24.624760999999999
A	100	ASP	-199.420737829705047	111.649800000000013	88.790244750522760	-228.304437848800973	10.093130000000000
A	117	ILE	-196.079926820836562	90.534340000000000	79.371575444362719	-209.124154712118667	12.378869999999999
A	104	SER	-195.478291342518872	85.002430000000004	71.128819466540207	-223.729056511568643	24.878498000000004
B	467	ILE	-195.048014560149397	96.060879999999997	82.421187219178833	-211.346703722860155	2.076210000000000
A	155	TYR	-193.104009091458693	152.358630000000005	114.406482018298178	-242.980097954011654	14.840740000000002
A	47	VAL	-191.434847511751400	97.475229999999996	83.826106926198932	-206.492245768426955	7.627620000000000
A	20	LEU	-188.459188487759235	104.241219999999998	85.375081847734904	-212.205281381721363	0.000000000000000
A	116	LEU	-187.026640073044490	99.494420000000005	81.261074276927076	-209.272080153700415	13.050689999999999
A	44	ILE	-181.221514658929095	119.372979999999998	94.052459159559220	-213.301717871798360	4.952710000000000
A	122	THR	-174.729215743313176	86.985709999999997	73.292747456507939	-191.623918159214895	2.912180000000000
A	12	LEU	-173.015311959737090	78.504769999999994	66.254162596592323	-189.328957630190644	8.257660000000001
A	151	ILE	-172.957696614270560	105.503600000000006	84.929758852216580	-202.100817844721547	24.075220000000002
A	6	TYR	-170.599987450497906	82.079759999999993	69.048136626027343	-187.214987333990422	16.514430000000001
A	23	TYR	-162.504974726324917	121.368760000000009	93.384367955888180	-197.526504187204409	10.681405000000002
A	108	THR	-161.705077081617787	71.036309999999986	62.779869944253441	-174.533055516747794	20.920971000000002
A	24	PHE	-160.107666612364852	117.774800000000013	88.716084877853788	-198.059899331705680	15.608140000000001
A	48	GLU	-159.714789176193676	94.220029999999994	70.678598346431642	-193.865274779012651	17.709910000000001
A	49	ALA	-156.020896118320650	81.593199999999996	69.414349812031588	-169.814730951153280	8.846083999999999
A	61	PHE	-152.297893389655314	118.211510000000004	90.812217312029688	-186.102744609796503	18.159045000000003
A	123	GLU	-144.253730568984395	111.281460000000010	73.614650762247535	-230.981469940612158	51.729280000000003
A	75	VAL	-137.055055253036699	77.370440000000002	64.108925096265565	-152.589801103496399	12.842340000000000
A	153	VAL	-131.632737553882606	87.641230000000007	67.857131985338754	-161.426366480958563	19.903250000000000
A	144	THR	-130.494448158543264	73.554919999999996	59.190644596558478	-149.014651801845673	13.402439000000001
A	141	GLY	-129.610214667814063	51.509060000000005	46.638116666930173	-134.825808213009083	3.814117000000000
A	90	ASP	-127.059290473773274	103.784970000000001	73.788584858428564	-176.115730371823759	24.993648999999998
A	137	LEU	-124.612508595475944	134.943860000000001	84.656670824461884	-206.839644168486473	19.362171000000000
A	28	TYR	-122.482800263335619	138.768389999999982	95.628605372497617	-182.992052160745487	23.093525000000000
A	138	LYS	-122.470534533070634	89.674439999999990	69.279177474134940	-148.250709503729638	29.957550000000001
A	81	HIS	-121.081388742937520	84.036969999999997	64.733300912809568	-146.167749308958378	16.618921000000000
A	92	LYS	-118.997987647508452	75.521750000000011	60.676205452440890	-142.169659215169077	22.553719999999998
A	136	HIS	-112.630062879480150	105.571619999999982	72.981266818343798	-169.913181391336110	31.431023000000003
A	73	PRO	-111.002051954631796	80.590069999999997	61.128880022286772	-137.482243279013232	20.081109999999999
A	93	LEU	-110.050343307545674	85.313400000000001	66.279637465777128	-132.241853259322539	14.439069999999999
A	134	GLU	-109.742563128523230	108.020280000000000	75.255312587075736	-160.684793865466645	23.991221000000003
A	51	GLY	-109.287378910527636	52.431150000000002	44.978793040790478	-118.123894284798837	0.000000000000000
A	98	THR	-109.263158471435588	95.317920000000001	70.145018525211242	-146.077754106026987	25.316250000000000
B	384	GLN	-108.963554516439558	60.860399999999998	51.927199036933771	-118.690777234007356	10.937090000000001
A	139	ALA	-108.840572114771874	76.726540000000000	56.860135493837767	-136.917039032752143	2.186983000000000
B	417	VAL	-107.009873369074825	37.106999999999999	35.139359716527217	-109.031755193362244	2.028300000000000
A	5	LEU	-104.625589691995572	69.983999999999995	56.120187510261502	-120.615300951935652	14.567640000000001
A	82	THR	-101.787164394845291	55.431500000000000	47.034163984683516	-111.126868113875730	10.271210000000000
A	142	THR	-101.388160989053915	68.804490000000001	54.612293082464063	-118.548067342017674	19.265239999999999
B	438	ILE	-99.722642080548553	32.652960000000000	30.465241373128691	-102.597318830005690	0.000000000000000
A	140	LYS	-97.413158652895319	89.094610000000003	63.932462093858746	-156.168352304963463	37.626860000000001
A	161	VAL	-97.238763726643825	64.452889999999996	51.465245806336739	-112.577340759154893	12.157880000000000
A	7	THR	-96.404443608431606	50.045009999999991	42.867319591404900	-104.758510684036466	14.239039999999999
B	409	HIS	-95.891882919824226	65.195499999999996	51.670014715599621	-111.480232496201481	12.730770000000000
A	42	LEU	-95.803984408518318	93.509460000000004	66.498166356287314	-131.155311110529198	14.681916999999999
A	68	PRO	-95.746690750423951	89.132710000000003	63.006885535141436	-133.555896040964512	21.313850000000002
A	178	ILE	-91.452552739662892	64.157129999999995	49.806231338095728	-111.389744052805071	15.789069000000000
A	71	SER	-89.528614849368964	68.777850000000001	45.869283976379336	-125.829076733111279	0.964396000000000
A	119	ASN	-89.263039476526586	81.929059999999993	55.508910074039939	-145.117340079138330	29.940878000000001
A	11	VAL	-87.979398402463005	40.942549999999997	35.298552683381573	-94.295928907522381	5.657644000000000
A	50	GLU	-86.538176273312473	120.076770000000010	71.089454277837277	-171.442518131300005	10.081770000000001
A	156	VAL	-83.996004915155083	77.472549999999998	52.105994363916714	-126.531269408546706	22.708500000000001
B	22	ASP	-79.952862344265711	59.251469999999998	46.895270493309987	-94.044466307760430	3.633778000000000
A	110	ARG	-79.304264540622654	84.561880000000002	54.853032499790345	-139.714477154192650	18.425970000000000
B	412	PHE	-75.577246985038698	30.109040000000000	27.748222106138805	-78.047537701504439	0.000000000000000
B	465	LYS	-67.170518969619380	76.734619999999993	53.228147476493348	-102.648439733503608	10.465416200000000
B	468	SER	-65.921549242844307	58.813439999999993	42.319896016745709	-97.324367151721106	11.938217000000000
A	60	GLU	-65.878543475426625	81.481400000000008	50.474674883434290	-121.815564062103263	19.660688000000000
A	26	THR	-62.304863406372860	39.215199999999996	32.565818793092284	-69.591186812643627	4.201750000000000
A	154	THR	-61.847667058796254	63.501310000000004	43.639899239369768	-93.305879715707917	16.585887000000000
A	13	GLU	-60.147437717437327	70.834990000000005	44.667111125941410	-103.980563787393280	16.359580000000001
A	46	LYS	-57.923421207931042	78.153949999999995	47.985924994013686	-104.068537693620286	21.513960000000001
B	19	THR	-56.950619689254765	49.998500000000007	37.759840808420520	-71.046912498962257	13.286439999999999
A	168	VAL	-55.207945801976024	69.773679999999999	45.878699998718929	-92.885455228955209	15.672400000000001
A	9	GLU	-54.924635123358328	50.991930000000004	37.294094504034071	-74.840099181546961	14.376439999999999
A	162	THR	-54.693385608052509	56.010810000000006	38.036030623412827	-80.544861256495849	9.386920000000000
A	17	THR	-51.769652408523669	45.813209999999998	33.585369575236115	-69.580737187532947	9.352354999999999
B	418	SER	-48.888576794455155	48.804509999999993	34.796905247547734	-67.296731757972140	14.819129999999999
B	18	GLY	-47.965607506772663	43.736000000000004	32.170854426314968	-61.958817065389823	7.369580000000000
B	440	SER	-46.489069712275693	30.071179999999998	24.559733341893800	-52.653401998681680	0.000000000000000
A	19	ALA	-43.897591587825175	38.894460000000002	28.738281068901628	-58.694383085055414	4.479559999999999
A	43	VAL	-42.610580271421469	39.913899999999998	29.121356180500559	-55.897485604554802	12.902839999999999
A	55	ASP	-40.082017670458946	41.218630000000005	28.989453295502781	-57.463791031664655	9.871470000000000
B	349	PRO	-36.606797179133018	51.287899999999993	33.739889421912501	-59.025613835268416	10.217160000000000
A	80	ASP	-25.859564263401619	61.010889999999996	37.271224073791856	-73.061969417498844	28.219919999999998
A	78	LEU	-25.766403927518969	66.672100000000000	39.085973193824501	-63.064206430599867	23.266109999999998
A	4	PRO	-23.405567245076885	27.859880000000000	19.315333979851506	-34.134323504124076	5.725190000000000
A	176	LYS	-22.059724251500924	55.189740000000000	31.256712719203790	-75.451101240054868	19.061889999999998
A	160	GLY	-21.780252124258993	55.290030000000002	32.828265322721101	-51.507966024761402	0.000000000000000
A	40	PRO	-20.557331762151424	72.367279999999994	42.025967507350224	-70.302259630767281	25.753990000000002
A	152	LYS	-20.157092116864209	97.230440000000002	49.746080560113199	-104.142130700154183	32.426420000000000
A	39	GLU	-17.994978822692119	80.284920000000000	44.066936976714622	-68.450931199091741	24.007709999999999
B	411	GLN	-16.940064393627505	49.387900000000002	27.949079341164811	-48.753604290533580	16.313990000000000
B	408	GLN	-16.753748408435300	10.876799999999999	8.957166438517438	-18.865785302200052	0.456134000000000
A	174	ILE	-15.380658719021000	89.063029999999998	45.629426491521343	-104.434577015268871	29.497090999999998
A	169	THR	-15.219184802795976	76.527580000000000	42.563543822609539	-68.341002119182676	14.554435999999999
A	15	LEU	-14.947589199411704	93.252690000000001	50.095734590180072	-75.745550965214008	12.727319999999999
B	382	LEU	-12.985555466854597	8.338889999999999	6.887550155626413	-14.580073461397705	0.000000000000000
B	415	ALA	-12.299380943513553	7.221810000000000	6.109201119527433	-13.507659078960573	0.000000000000000
A	77	MET	-12.004972026905785	113.392740000000003	59.599505974501213	-91.164211376940258	22.585369999999998
A	173	THR	-10.925885092908420	38.833559999999999	22.117035442901170	-39.290652083132215	8.947830000000000
B	441	GLY	-9.538454229732858	13.446520000000001	9.050492650251472	-16.312635681344901	3.033375000000000
B	466	ILE	-8.260951859197311	14.523199999999999	9.272899231619679	-14.776804214432605	7.888460000000000
A	115	LYS	-7.063815189924604	53.215459999999993	27.580516214390023	-43.533282529187161	16.140100000000000
A	3	PRO	-4.559543628823135	36.475180000000002	19.362927046375436	-27.773820911026434	14.558960000000001
A	128	ASP	-1.638150966267871	52.014639999999993	26.313634532135712	-43.120737536007972	13.468540000000001
A	22	THR	-1.090697788252218	31.148799999999998	16.180535640995519	-26.577859955997482	13.735710000000001
A	56	LYS	1.532607410348978	38.314070000000001	19.631190450817783	-29.154771752652778	18.357679999999998
B	17	LEU	2.233549299330233	4.283120000000000	1.595491696562504	-1.996030645087069	1.902070000000000
B	470	ARG	2.635074053619912	1.083440000000000	0.087492893479265	-0.091228132409787	2.329270000000000
A	177	GLU	5.342926257978542	38.717289999999998	18.017936576849017	-24.701005428907429	13.622970000000000
A	157	THR	6.644284074846553	98.949409999999986	48.250676086694511	-73.278224605312303	14.126466600000001
B	449	ASN	7.186742564519623	2.371930000000000	0.109328499371199	-0.111928321646484	5.459540000000000
B	469	ASN	7.716245110484531	11.510650000000000	3.906695431926884	-4.792222202074434	8.825440000000000
B	350	VAL	8.282764884916014	6.920990000000000	1.606030076020171	-1.827372184625725	4.440550000000000
A	79	ASP	8.303755501706851	20.526840000000000	8.387860031158500	-10.929586635439454	3.488190000000000
A	41	ASP	8.647048654413791	10.406499999999999	3.561781047571449	-4.479663656321573	7.072350000000000
A	58	GLY	9.378989281214327	18.081000000000000	6.746950852141500	-8.444735915783674	8.856130000000000
B	16	GLN	9.798512268406217	35.554900000000004	15.375295127059299	-20.277964656155550	10.070730000000001
B	26	SER	10.341341668715730	5.455950000000000	0.712695471840000	-0.763741595712310	2.449320000000000
A	175	VAL	10.514444242409859	41.906689999999998	19.003420653872602	-27.940336618647770	9.328989999999999
A	170	PRO	10.664507384421036	17.800039999999999	6.570980963861802	-8.671737183365636	5.656642000000000
A	133	LYS	10.950314446401428	46.752479999999998	20.582126019130040	-34.352000095109688	14.745490000000000
A	167	LYS	11.051032056116703	51.906040000000004	23.483964175274750	-36.845824147877728	16.879539999999999
A	148	GLU	13.027230312278709	4.200770000000000	0.180883986663624	-0.184893927829810	4.952590000000000
A	67	SER	13.067132866994321	5.210430000000001	0.413785819216680	-0.433676020995669	5.423430000000000
A	129	GLU	13.454294142038130	82.719020000000015	43.521961666215709	-83.198446144093467	42.958880000000001
B	15	THR	15.136254244898012	15.768599999999999	4.366302209040660	-5.112270398018830	8.957870000000000
A	147	GLY	16.650683412135361	7.650160000000000	0.779393847641864	-0.822016892228800	8.174270000000000
B	21	GLU	18.057926250327842	27.928170000000001	10.985347302069922	-15.816126555879322	17.273019999999999
A	70	ARG	22.626237282767356	104.005150000000000	46.231158289110361	-114.451923656069511	43.237361000000000
B	32	ASN	24.189598737336205	6.956690000000000	0.213236921096922	-0.216705660514469	12.062670000000001
A	114	ASP	24.599048422143671	11.681260000000000	1.347943874259909	-1.451293242753859	10.476952000000001
B	28	GLN	26.512769143694111	9.757999999999999	0.615773913593877	-0.636826364272509	12.508360000000000
A	62	PRO	28.043490640005462	16.778520000000000	3.428689498026385	-3.988458946156114	12.984719999999999
A	164	ASP	28.446257080031877	19.367439999999998	3.837624880950674	-4.341014360929655	13.839040000000001
B	356	SER	28.552008926487247	9.235009999999999	0.410159529978673	-0.420007229055132	13.245809999999999
A	149	GLY	28.608507792938681	14.479920000000000	1.782034665685421	-1.904298584221979	5.989729000000000
A	158	GLU	30.891844802834324	81.628039999999999	38.323125945948057	-65.052820745571992	30.229348000000002
A	146	GLU	31.821049569387917	45.676530000000000	16.491731810451466	-21.533449601038527	22.206181999999998
A	97	LYS	33.118912028988177	44.371690000000001	15.175321115111110	-19.059873994230419	19.856759999999998
A	159	PRO	33.400478365896248	72.413319999999999	28.641826727266917	-38.028323184168670	24.995696000000002
A	111	LYS	34.155922475390156	37.923209999999997	12.282663361485879	-15.844479503207975	17.624759999999998
B	353	ARG	34.467575743363895	76.790899999999993	30.994773842484001	-40.896477068824922	24.556739999999998
A	45	ARG	35.502528987201337	104.827950000000001	46.029094723721457	-72.982466294929935	45.302630999999991
A	96	ASP	37.139596937810424	23.016300000000001	3.822694877852520	-4.180347077938134	14.534000000000001
B	473	ASN	39.307415080399025	34.382300000000001	8.311174060729011	-9.514116604438186	20.264589999999998
A	132	LYS	39.732899223365081	15.568690000000000	1.375371235342810	-1.474013401895897	16.037810000000000
B	357	PHE	40.097805677862162	28.529599999999999	5.618842750855840	-6.257556810055311	17.431699999999999
B	464	THR	40.637966177129819	14.405419999999999	0.868835152352638	-0.901313941758469	19.405369999999998
A	27	ASP	40.879659392193993	55.135419999999996	21.098893073505128	-30.687034763397030	29.650220000000001
A	163	ASP	41.668081498050903	95.385199999999998	39.254664231784552	-55.322558158096271	35.461110000000005
B	471	GLY	42.068703284595529	24.120829999999998	3.879029610634242	-4.299768286607651	16.985390000000002
B	25	LEU	43.120627851717472	66.089179999999999	23.243480596498387	-30.462226399408657	9.387580000000000
A	171	GLU	44.731315520177837	59.705389999999994	20.024756884860402	-25.571676101263257	19.758765599999997
A	21	LYS	45.058270155120638	20.039999999999999	1.913541981873600	-2.011167032090328	13.180899999999999
A	150	LYS	45.993338598860895	39.808100000000003	10.262537846388774	-13.316650543260849	17.854548999999999
A	130	GLU	54.010111663999027	28.311290000000003	4.039745898051049	-4.402274182759082	19.735970000000002
A	172	LYS	55.960985665690011	64.326520000000002	23.869483124620064	-38.570521189515155	22.464540000000000
A	64	GLY	68.616276341356212	40.200299999999999	6.180636320359390	-6.712701220576729	11.505070000000000
A	14	GLU	75.545141968783241	39.886300000000006	5.343947184168100	-5.764014654605212	25.800800000000002
B	443	LYS	82.841449764250456	34.481220000000000	3.498015800848962	-3.726923480839531	30.445770000000003
B	463	LYS	84.777676779902833	24.582000000000001	0.763132876815880	-0.775430224214992	26.567900000000002
A	179	GLU	84.874423298356191	48.656270000000006	7.612618937450245	-8.334059767963799	26.419989999999999
A	18	GLU	85.461957183507906	33.412379999999999	2.481427362025971	-2.582639238219138	21.499720000000000
A	63	LYS	96.269734780484157	138.893429999999995	50.541330183074187	-77.989898691555126	23.404706999999998
B	29	ARG	157.586489627224864	114.554479999999984	24.864195798370023	-29.319328616362149	27.699542000000005
