chain	seqnum	resname	area_pseudoenergy	area	area_expected_to_persist	area_goodness	boundary
A	101	MET	-420.954610303638	136.36799	125.962695243593	-432.561742224654	0
A	74	PHE	-409.610068422552	151.62568	137.116552534204	-425.414704233989	2.323753
A	89	MET	-395.516593602527	118.64076	110.515764465723	-406.033526372607	0
A	88	VAL	-346.176402677936	107.84575	97.2449589791846	-359.583443051667	0.4412036
A	86	LEU	-345.649137931946	126.50349	113.449139626568	-360.84766085819	0.551503
A	52	TYR	-344.223113206151	148.23618	119.733145073205	-380.372080229473	6.047762
A	87	MET	-341.345392620703	109.27697	102.503210053491	-348.589780377018	2.99097
A	31	LYS	-336.711539486819	129.05842	110.529723955203	-361.629173268464	20.48122
A	53	LEU	-321.617888057102	142.58869	122.71266979848	-347.745287619448	2.5462493
A	69	PHE	-320.828348489256	128.41092	112.454849711631	-341.354147529653	3.30085
A	34	ILE	-320.184089025195	118.52286	107.632167648188	-332.256602745458	3.2036549
A	72	TRP	-316.402594868386	149.2007	117.493849400035	-362.076745781226	3.972383
A	126	LEU	-315.76118377905	124.50412	110.843143063758	-333.214300102472	2.911767
A	91	ILE	-309.913782727895	117.33725	106.67546927789	-322.799100782034	0
A	105	LEU	-302.535056773333	116.2931	103.851299950015	-316.59974680587	3.743586
A	32	VAL	-300.629466566812	98.16123	91.1863029272863	-308.532520658104	3.3238896
A	30	VAL	-298.266405627386	114.37547	104.649322379504	-308.828549598233	0
A	37	THR	-285.400019673169	107.94691	99.0411977831554	-294.852279276242	24.030227
A	103	VAL	-276.673341221311	102.27071	91.8532965747148	-288.232059463557	3.979367
A	54	TYR	-276.64999676058	118.91736	102.658992758159	-300.873097563326	18.63302
A	83	PHE	-271.514134353689	145.2853	118.54515814396	-306.970864960317	0
A	102	VAL	-268.839805436817	105.57394	94.6419035856792	-282.02536161722	0.525923
A	84	GLU	-268.421895583148	117.30737	99.9570199695908	-298.43082438788	29.36909
A	124	ILE	-264.013745691713	113.7279	99.5842697865484	-281.756450063169	4.905421
A	118	ILE	-258.085656377384	114.43887	95.6598486294499	-282.853569348425	2.253776
A	99	VAL	-256.968228669973	106.37521	93.4491425974339	-271.943744747578	0.0528631
A	38	TYR	-256.935209158433	125.74763	108.10320394535	-278.99506582897	16.5565
A	36	PHE	-249.819669860817	136.02146	111.92098029654	-279.077917959081	0
A	85	VAL	-248.624544319806	95.34293	84.077322741679	-262.627245539032	2.696537
A	109	LEU	-242.978988133089	130.04643	109.258058622003	-267.455533131387	5.696976
A	106	LYS	-239.934511993878	103.78893	85.5042337315106	-263.895151145055	32.01953231
A	127	MET	-239.361234596559	104.0116	88.981166296905	-261.224063238536	15.274504
A	135	TYR	-238.872470706349	128.54295	105.744270485756	-268.749243661256	17.63298
A	16	LEU	-224.768489389363	85.69534	78.849449806062	-232.40052146633	0
A	107	VAL	-222.298580230861	91.45636	81.0441545365775	-234.540438007799	0.149531
A	33	VAL	-211.459660230214	94.15091	80.7253291312021	-226.712576192787	7.520825
A	104	SER	-204.878659108844	85.14086	73.1237246200337	-227.155953358999	20.581099
A	100	ASP	-203.686529997211	108.43413	88.2565436380225	-227.67720802196	6.614477
A	10	ILE	-203.141893480198	117.87509	89.0877149254598	-241.691992706825	9.929498
A	121	GLU	-201.86966895598	103.00369	78.9361147190538	-238.631376433326	35.887598
A	125	VAL	-201.655763254254	103.67797	88.2696916919172	-218.694966738512	2.386889
A	116	LEU	-193.30286467307	101.19024	84.8073482404637	-212.0207066377	13.79112
A	145	ILE	-190.661662227524	94.90559	79.6004703773749	-211.534014189975	16.29899
A	143	LEU	-187.682486219218	117.37298	87.8810963253288	-233.607064162575	28.880038
A	8	LEU	-187.553381623271	109.80835	87.7470969958259	-220.683927836826	17.73958
B	467	ILE	-183.17486881518	93.02049	79.454564392755	-199.744101493573	4.063765
A	44	ILE	-183.032958198538	120.87312	96.2296541657478	-212.310618333392	5.50338
A	76	ASN	-174.903859015667	96.24436	75.5040557585493	-200.828912486489	4.928389
A	108	THR	-173.065308994447	68.5793	61.0195220312613	-181.943356480114	15.219583
A	61	PHE	-171.311238400192	118.67276	93.7412173563361	-200.081263700741	22.129743
A	24	PHE	-167.144311847234	115.36524	90.5666485339713	-196.570265495368	13.19002
A	151	ILE	-162.717511000933	102.46075	82.3804605305064	-190.225854059833	22.87474
A	12	LEU	-158.800605043308	85.33515	64.5841436605608	-188.567303382859	7.6413046
A	6	TYR	-155.434095808475	79.37497	65.702698402797	-173.472932554854	15.78441
A	117	ILE	-155.369392529158	90.24407	73.8380909988201	-175.163370231571	10.23634
A	90	ASP	-153.950012722975	108.09178	76.2165677452117	-206.709960280199	23.0251607
A	20	LEU	-146.585616209884	100.71736	79.0420267577255	-172.398644228972	0
A	122	THR	-145.903199684646	95.37703	74.0261039109027	-173.096158706153	0.4571878
A	120	VAL	-140.431282128353	102.14375	76.468543730557	-176.960325431794	16.42256931
A	29	ARG	-138.952268842608	135.97975	89.5810019904046	-232.615815013035	34.89905
A	23	TYR	-137.532943384489	124.89332	90.591753087168	-180.940819371572	11.232763
A	98	THR	-133.870538386822	87.95124	70.4754612050473	-157.310025663993	22.56029
A	28	TYR	-132.386511278568	138.97196	97.9286347953559	-190.352120364926	24.615892
A	144	THR	-131.945132091409	72.28294	59.4346759897435	-147.600904852091	14.41962
A	81	HIS	-128.874905104899	84.31794	65.9294623845032	-151.907265424511	16.599993
A	155	TYR	-128.682203814034	147.59055	99.2519148108584	-194.363265381493	18.8035355
A	73	PRO	-128.467398140486	89.96737	69.5214909594122	-157.916882699704	24.352
A	49	ALA	-126.150740959762	78.31349	62.0282446507406	-146.475954522632	2.4591227
A	119	ASN	-125.613741164717	86.04126	60.56964305004	-163.149972757208	24.911271
A	92	LYS	-123.754204254536	75.93409	61.0546544888243	-146.778728342788	22.1835903
A	42	LEU	-120.306426013418	99.40249	73.8528602023932	-152.308476983348	15.683376
A	47	VAL	-119.553208914471	99.81742	73.5145618393856	-153.455266476543	9.41043
A	35	THR	-118.920264779344	101.22169	74.0110479128852	-158.586718422176	22.600979
B	438	ILE	-114.263767460743	32.213	31.2479205299079	-115.245614942476	0.0616936
A	93	LEU	-112.409109920014	84.40244	66.5157410206628	-132.640232582549	12.67376
A	50	GLU	-106.966941399778	123.31012	76.3879727318215	-189.406665972517	21.630419
A	134	GLU	-106.469724561074	102.69555	72.5530256397372	-159.307817303276	23.636408
A	46	LYS	-105.122304396743	98.34786	59.3935199208353	-184.623238141187	33.53208
B	417	VAL	-103.150763963222	36.8214	33.7242974835396	-107.403215240991	0
A	68	PRO	-99.1866519274788	89.99439	64.0068601142484	-135.750645540765	20.8935416
A	13	GLU	-98.5246635308482	74.07853	55.0393854233061	-125.229369022177	18.10548
A	137	LEU	-95.9555527956369	139.46698	83.0430485020474	-197.791564213956	17.538219
A	51	GLY	-95.30795725681	50.48675	42.3474412038082	-105.072915925438	0
A	110	ARG	-94.3973806907223	92.56895	62.8911361262938	-142.965930015055	18.9755
A	60	GLU	-91.9077382954202	83.97802	57.8286007049441	-132.418926490915	18.357167
A	75	VAL	-91.5707136889031	86.88457	61.2892888491972	-128.626141122869	19.695397
B	409	HIS	-88.2336567853192	63.3485	50.6873215236425	-102.383533025158	11.190683
A	17	THR	-87.6698831856404	47.81153	40.4534162152308	-96.0075070207693	2.26231
A	161	VAL	-81.3353637769298	62.60951	47.6808289321837	-99.9195078810286	11.91934
A	136	HIS	-80.7334201700375	108.63603	70.7424671646498	-142.082124575355	34.38818
A	11	VAL	-80.5401587757354	34.7771	30.4954518800318	-85.2910797913076	4.53945
A	141	GLY	-80.4074164514969	53.35782	41.5231837307093	-95.4482460032865	9.64953
B	412	PHE	-79.5724118768267	31.93158	29.4843782324231	-82.119183920227	1.0717
A	5	LEU	-79.4280191349296	67.9106	50.3392033383965	-101.445644267195	14.37873
A	7	THR	-70.5077685314215	45.69417	36.6105293187687	-82.190605866929	13.08738
A	178	ILE	-69.3807552237432	63.80984	44.2392676581478	-101.487704514281	14.2313344
A	123	GLU	-68.1079511525831	113.48227	64.0639580579066	-174.855663733104	50.227462
B	384	GLN	-67.9727913479586	57.5878	43.5263401344597	-84.5286471379064	7.32263
A	140	LYS	-66.5130378645392	78.62537	54.6329151033232	-111.377520689109	24.957357
A	48	GLU	-63.0598165414919	101.93031	62.2482734288336	-131.027253433577	23.12868
A	153	VAL	-62.3564828269789	86.49099	54.9097525540274	-115.364405189076	18.84626
A	139	ALA	-61.4523821976284	68.83553	45.4933286079708	-100.39833409493	3.4922183
B	440	SER	-58.2894973243809	28.65937	25.1957359302366	-62.0133594765027	0.113012
A	82	THR	-53.7607002795191	51.16633	36.8058126001239	-71.8606219220425	10.10114
A	43	VAL	-53.1573083573304	38.2616	29.8307211002469	-63.2312107223763	12.3953
A	71	SER	-53.1089882897782	66.18754	39.3574494136485	-97.8030332946972	0
A	80	ASP	-48.6484157556254	68.08529	43.2641137055549	-86.2890753812617	21.20978
B	22	ASP	-48.4957703070912	56.62497	39.2726949259037	-70.3155828843565	1.8855388
A	162	THR	-48.1698273587542	58.06751	39.3211534376723	-72.4935119336485	9.58628
B	25	LEU	-46.8717872065628	68.5564	45.1530619865477	-76.3914866076791	12.93037
A	168	VAL	-45.1782523941847	69.29063	44.1178689007872	-80.2726593492383	15.357
B	418	SER	-44.9733511664948	46.83379	32.761201252345	-63.8863166732729	10.133562
A	55	ASP	-44.920728275435	40.52171	29.7475490265009	-58.6379859524942	9.88163
A	19	ALA	-43.7716590188107	39.43349	29.0016450512022	-59.1744999854581	4.24181
A	78	LEU	-43.3283935003555	64.5154	39.6567730720967	-78.198443647802	23.56705
B	468	SER	-39.5878174017539	61.23442	39.3664283393887	-77.6523887458076	9.857649
A	26	THR	-39.5360182732341	43.13331	30.3652847099856	-57.7294566445294	6.60371
A	129	GLU	-39.0798008486539	72.78875	44.7036979301869	-92.8005555379014	23.59737
A	152	LYS	-36.300506624249	87.66957	48.3203524918544	-110.308169568864	28.11635
A	142	THR	-35.7457980636193	70.43945	44.1140761086058	-77.2725210625998	20.96611
A	4	PRO	-31.9053391598464	28.60002	21.29281797194	-40.7395150438142	6.6859
B	19	THR	-31.3840083395109	45.2716	29.656472959581	-52.1102722990558	13.574762
A	160	GLY	-29.1860611691028	55.10673	34.0153981349018	-56.8412475401545	0
A	154	THR	-27.1634194963217	64.50111	38.1268538142619	-65.9480528494713	17.52531
B	349	PRO	-25.6388004514364	52.02294	32.2754690914416	-52.436270616513	10.850629
A	40	PRO	-25.3576659566777	69.27316	40.4905441155636	-69.1706924839954	25.00413
A	9	GLU	-22.4756247188617	47.83527	29.3605541346583	-51.6084181548637	17.15713
A	128	ASP	-19.6602588263923	50.08048	29.1437277824533	-51.6329580851787	13.11669
B	465	LYS	-17.6915658723562	84.81047	46.8292765819992	-84.9333764811999	17.486093
A	133	LYS	-16.8774710795588	62.57225	34.2949439764053	-57.6085995413175	16.75184
B	415	ALA	-15.6910535199321	7.05442	6.36597474116921	-16.4154508145232	0
B	408	GLN	-14.2456538941781	9.66238	7.86243775694728	-16.2374886883036	0.205755
B	382	LEU	-13.3031101705557	8.37501	6.9545662890172	-14.8596376702918	0
A	39	GLU	-13.2674652888127	84.60724	45.1964489919305	-68.9900385012076	23.53368
A	22	THR	-10.9441419735906	33.3882	19.243946312061	-30.2594654617268	14.23123
B	18	GLY	-9.33996725133259	40.52594	22.7890786129153	-37.0679930358296	9.513986
A	138	LYS	-8.59512425047578	103.19428	57.0162060756821	-101.704486826223	37.637916
B	466	ILE	-7.30485075464644	16.7435	10.1695368380845	-15.6533851586895	7.43296
A	163	ASP	-6.1851228336741	97.40512	50.9292430688358	-78.1975073556396	36.74619
A	156	VAL	-4.46271265988816	73.15296	38.1599838712919	-70.5202362860508	17.61993
A	176	LYS	-2.46813349462962	62.73787	33.1689943571195	-72.6273420561893	18.33428
A	174	ILE	-1.25202618212208	88.74316	43.7128299902958	-100.770310998706	27.16397
A	167	LYS	-1.21051181400477	49.5476	24.9279563610554	-38.6639238955862	15.87672
A	3	PRO	0.338556463538383	37.48326	18.6567859304869	-25.8325858636169	13.88057
B	441	GLY	1.45527092668642	15.44677	8.46667987830885	-14.3294877991529	6.5538
A	115	LYS	1.63540378472096	52.95066	25.7137386987954	-39.0689846085093	15.5881
A	56	LYS	1.86206651780413	40.08617	19.8816732329205	-28.8063130706967	17.58743
A	173	THR	2.36181146433524	37.95665	18.6606308402753	-26.9307434470899	8.05583
B	470	ARG	5.55206544058097	1.59587	0.0477405689632706	-0.0484692188465374	3.33554
B	348	LEU	6.1000587435568	3.85503	0.657132322465628	-0.720447940583402	4.00377
B	28	GLN	6.23765154149118	1.55675	0.027812516472768	-0.028063961637075	3.35262
A	79	ASP	6.45753150115135	21.2946	9.04517582271695	-11.7753726934999	5.29024
A	27	ASP	6.55687579985559	52.2205	24.6306422387719	-34.6717053195135	23.44705
B	32	ASN	6.78411221498683	1.71404	0.0321277634274214	-0.0324326791445446	3.83186
B	350	VAL	7.36892591873401	16.6128	6.49379129219055	-8.23592480238534	7.9113
B	472	GLU	9.457712663037	2.14362	0.031738191084069	-0.036831370454825	5.31358
A	97	LYS	9.88840789895013	48.48544	23.2312211469736	-35.5926609376406	21.88199
A	70	ARG	10.6012003811189	121.60791	50.5396018516339	-150.819409239795	47.21142
B	469	ASN	12.0325445368305	7.59203	1.3254109008339	-1.4645632748987	9.83694
B	473	ASN	12.1153553076783	42.4754	18.2345688022763	-23.8533457565728	22.3061
A	58	GLY	12.3890162092134	6.55788	0.861298747671246	-0.923357146463025	5.31256
B	21	GLU	12.7122306194959	44.04705	19.4961029915482	-30.1085721644682	15.11939
B	17	LEU	13.4974956129657	23.14588	8.71285093673132	-11.1179087657533	11.92408
A	148	GLU	13.9180837239463	3.80944	0.0961675021824241	-0.0974021771243918	4.85629
A	67	SER	14.1502489971052	4.94118	0.270765199753493	-0.278725416994261	8.84229
A	41	ASP	14.4561383005216	14.14033	4.44330431616992	-5.75819565519502	8.97229
A	164	ASP	14.8363041900789	35.7683	14.2751912198752	-18.3720218019522	19.0517
A	62	PRO	15.1142626743378	14.47041	3.76703372888327	-4.36395277899317	3.53428
A	147	GLY	15.4197543417258	6.46183	0.544245651051477	-0.568539220650439	7.62304
A	158	GLU	15.4430772745401	59.11398	30.0469517103279	-61.0240624806991	19.43856
A	132	LYS	15.5649970139774	6.69455	0.997674554721769	-1.11782953556333	7.867
B	356	SER	17.7983499184351	5.29492	0.177505828447342	-0.180549377598773	6.32701
B	436	ASP	18.2922921143292	8.0755	0.759499733000994	-0.797625369366044	6.12319
A	169	THR	18.4486141578514	75.59305	35.0622818340046	-52.8008091912707	13.754952
A	65	GLU	18.5027489071178	5.41406	0.17190653529644	-0.17469489500744	8.95685
A	77	MET	19.0608160126896	111.59559	51.5640243837628	-75.1679388611334	24.41539
B	26	SER	20.1861499168529	16.37153	4.0332156471388	-4.70390708925057	8.15028
A	15	LEU	21.839602670864	87.53834	40.2598941216129	-59.6207105155688	19.6521
A	175	VAL	22.6740865637351	40.04388	15.0434515107864	-19.9647916494379	8.06565
A	63	LYS	22.8749017964023	143.05159	67.4460686336617	-114.646153211534	24.937334
A	114	ASP	24.0431953212609	10.42256	0.989742247701213	-1.04821790335453	10.20136
B	464	THR	24.9177822096601	8.68472	0.605610894883405	-0.633147950323883	10.73671
A	111	LYS	25.6818463341031	46.46308	18.3455061920369	-25.4592070343257	19.78875
B	15	THR	31.4497758722289	12.03228	0.864989424893782	-0.901618438884309	8.29582
A	170	PRO	32.7474303440695	17.65718	2.59109088573888	-2.83561421271227	4.45866
B	16	GLN	33.1154549690172	38.23568	11.4937752171487	-13.794618073337	11.0389
B	471	GLY	33.2729978090641	20.71971	3.70816061928004	-4.11327117086957	16.7915
A	146	GLU	37.3507071453971	39.38962	12.7102878891842	-15.8751302316119	21.25719
B	463	LYS	37.7256521646994	16.3163	1.4704591588892	-1.54099067192565	13.0435
A	149	GLY	37.8601638826463	13.80955	0.854809337522835	-0.884368947918066	5.7663144
A	177	GLU	39.0765483727077	57.09943	19.7422352069491	-25.7036693934412	16.49593
B	357	PHE	40.6560387417898	20.3093	2.41699983499795	-2.57335986866158	14.6838
A	45	ARG	46.2026802666561	98.08686	40.3554141860068	-67.8363404699567	41.320607
A	64	GLY	48.6046483786124	40.245	9.31322222156525	-10.6221341030251	11.08378
B	411	GLN	49.087586916677	35.67706	8.66720954493165	-10.5150767656163	18.13374
B	353	ARG	49.3373819426772	79.6535	28.0580387366176	-34.9284832179654	24.56808
A	96	ASP	50.169116211414	24.5835	2.82683165565133	-3.00300199289779	13.3109
A	21	LYS	50.4953924914387	36.37387	8.23941268566638	-9.70180614303668	16.71979
A	157	THR	51.2297994470909	93.66623	36.9764382218109	-53.3611658795256	17.440406
A	172	LYS	54.9987972118711	49.51124	18.1480498244964	-29.1156436711529	23.41023
A	130	GLU	65.3584141301388	29.34185	3.01899397433858	-3.19936611327498	19.4846
A	159	PRO	72.704237350798	70.93977	19.3305116571121	-22.9491600772724	23.295301
A	18	GLU	88.6137805482336	29.44682	1.43810892998323	-1.47805585631789	23.24484
A	150	LYS	88.9350860291844	62.16609	12.2785118490061	-13.8318177754451	20.74849
A	179	GLU	101.835205625737	47.85034	5.78189212620005	-6.24227046204697	21.97729
B	443	LYS	101.898836497195	34.67009	2.21795190637227	-2.31562818646317	32.14502
A	171	GLU	107.269336057208	57.32703	8.41075250866275	-9.22387744927277	17.09273
A	14	GLU	109.624081923623	52.6527	6.46673899346888	-7.02756098056504	27.60547
B	29	ARG	125.546634075226	108.08929	27.1870090002937	-31.9424286225319	25.303138
