chain	seqnum	resname	area_pseudoenergy	area	area_expected_to_persist	area_goodness	boundary
A	170	TYR	-625.022329304981	163.93483	156.86295618327	-632.771582591301	0
A	36	TRP	-617.100212994789	187.22927	176.301300612497	-628.977702606579	1.442623
A	169	TRP	-564.488403925817	183.57673	168.999618632746	-581.21619606628	0.486309
A	47	TRP	-495.186136051738	167.44706	156.579968340453	-506.812111893683	3.723468
A	223	GLN	-494.884718387265	133.19998	127.915699434364	-500.528841747444	1.740977
A	220	TYR	-494.55938680914	146.70887	138.85928828439	-503.110953734516	0
A	35	HIS	-474.02409427715	124.48854	119.377095131394	-479.589683280198	1.547338
A	232	PHE	-457.951328270147	152.95778	143.510685202661	-467.884222895684	10.127411
A	80	PHE	-444.17125877368	143.48149	135.410618362309	-452.597110145441	0.0593685
A	37	VAL	-443.795845752742	117.0135	112.912175069051	-448.058446041558	0.942974
A	93	TYR	-434.033403839816	139.18031	130.632360089952	-443.57683582596	2.190375
A	104	TYR	-425.512149171309	156.13771	143.817643289277	-438.812978605246	1.904775
A	38	ARG	-417.324921787679	174.09961	146.290261725843	-456.996063797814	6.97942751
A	207	LEU	-411.507835297319	133.83607	124.766282577541	-421.37087768864	0
A	48	LEU	-407.453706683473	125.78343	119.686854794957	-413.78836327512	0.9931
A	155	PHE	-407.110763286024	156.71739	138.570191667129	-430.630540766202	0.306238
A	168	HIS	-396.843925828342	111.84455	106.693031117872	-402.742861373585	2.192089
A	238	LEU	-395.092242628038	137.0609	128.450545802547	-404.116618664625	2.495747
A	102	TYR	-394.23244734991	179.02083	153.830034864872	-424.556805284821	13.348759
A	109	TRP	-383.014981168234	158.06754	141.139544839442	-401.78320113149	11.46571
A	94	TYR	-382.158737666886	153.26536	129.459272343338	-411.349696894728	6.792233
A	106	PHE	-374.650635906331	124.83216	117.186487834802	-383.055923805703	0
A	45	LEU	-367.49175645972	147.04428	132.371117320207	-384.461124973371	6.09672
A	181	LEU	-364.189201719939	126.55635	116.477479655694	-375.903133811043	2.457374
A	171	GLN	-359.024359233562	112.56577	102.897814591305	-372.317778054112	9.154467
A	180	LEU	-354.168779855697	126.55037	112.375105537406	-370.594917123293	5.242205
A	51	ILE	-341.864628449227	109.81036	101.394869001553	-352.905534951559	7.393256
A	20	ILE	-337.140184734213	121.07977	111.060430566244	-348.263974874436	0
A	52	TRP	-326.507999667369	150.19324	129.777636644544	-350.006347177923	9.214901
A	18	LEU	-322.198771421507	119.8814	111.003388718259	-331.548627562333	1.905383
A	209	ILE	-306.692966835868	111.29565	103.535389515916	-314.817433458984	0
A	221	TYR	-304.705597710834	159.95972	123.075622227317	-354.531825931854	8.81434
A	78	VAL	-301.035201291623	115.57726	103.756769487762	-317.553062203189	0.2034608
A	50	VAL	-297.747702389728	80.85149	77.0101891330433	-301.935491748605	0
A	69	ILE	-295.015351039467	123.22115	112.38466542134	-306.418291745402	6.383036
A	167	ILE	-284.566416215772	103.01038	95.7679760101065	-292.806176011489	0.515053
A	95	CYS	-282.707716258837	95.56251	88.9177159324688	-289.742548647236	0
A	96	ALA	-279.835913536744	80.10726	75.8254907581288	-284.413284755499	0
A	82	MET	-274.954868889689	113.291	101.696707690848	-287.790108881197	0
A	228	TRP	-263.356440779054	166.84024	135.759095006916	-300.766747175096	30.320165
A	178	PRO	-255.138835077317	104.346	94.6171423821834	-266.189979598636	2.22438
A	172	GLN	-252.437489018205	105.8622	92.1444876197094	-269.360502609693	11.121737
A	205	PHE	-239.566009202854	112.24421	97.0873737752193	-257.106620840184	1.54783478
A	153	VAL	-235.654803545718	86.84182	80.2919998842823	-242.550321167012	5.21484
A	97	ARG	-234.250397265148	174.37723	127.929687507413	-301.070753440993	10.615036
A	58	ASP	-233.483751151423	100.69472	85.750530812079	-255.481962282704	11.694226
A	230	THR	-232.543380059711	90.80934	81.9814944586359	-244.276817031369	3.93453
A	222	CYS	-231.993451192633	94.96664	84.8204995609152	-243.239240926	0
A	79	PHE	-229.762773495012	104.4598	88.96748240807	-249.695028808436	26.735363
A	182	ILE	-227.692932912689	96.96131	84.8570593700379	-242.294043698209	9.6329925
A	39	GLN	-225.206690897418	103.20988	87.3284921652287	-246.677574108326	15.9042
A	196	PHE	-225.117475487172	106.43757	93.0798129887879	-243.120156122697	10.638326
A	22	CYS	-224.411652656291	84.07234	73.062284811005	-238.106352674194	0
A	225	ASN	-224.389710085566	98.28483	87.9747844414771	-235.630724409199	2.1626392
A	115	VAL	-224.184843978307	92.48751	82.3427640602678	-235.600372765652	0.9576484
A	117	VAL	-222.231451419953	111.63521	96.6676754058731	-238.995257120344	5.349796
A	105	GLU	-221.836657768242	109.15275	92.1309673293173	-241.690134852415	0.3527662
A	34	VAL	-219.118372361095	101.70295	80.3404202359063	-248.64476978678	1.9537
A	157	CYS	-212.103972272822	95.11779	83.8377524145693	-224.886912089684	0.180543
A	92	ILE	-210.658136411149	86.53145	76.5146539734971	-226.898694467602	26.09486
A	67	LEU	-210.533545808262	91.23309	82.4300195866173	-220.003742697939	2.55375
A	236	THR	-210.058107793546	110.17974	90.2363187313822	-233.376390603218	0
A	6	GLN	-209.345125363688	130.03818	107.292564582786	-234.672619532366	8.34024
A	224	GLN	-209.113357365258	121.891	98.1640530760616	-238.053420530941	3.261243
A	206	THR	-206.896940973056	86.62518	78.0348720364732	-216.111229814741	21.141007
A	46	GLU	-190.224402386388	97.98992	75.3755147239244	-225.718949922386	22.357583
A	59	TYR	-188.083493065534	90.26289	78.7944337481707	-200.716107120532	12.474
B	468	SER	-186.936204126982	76.32208	69.5041823664784	-194.382651889404	0
A	60	ASN	-180.281067899356	80.92548	65.8434711490267	-205.142255855261	16.28431
A	21	THR	-177.51568000001	81.73069	72.2080198996466	-188.278557128073	18.520319
A	138	LEU	-174.953598737803	120.0948	96.16585155139	-203.157053001553	7.4973123
A	85	LEU	-174.37798389117	94.99956	78.5964304498348	-195.649653602172	1.4766684
A	71	ARG	-173.327026831143	123.23908	94.3695940866812	-211.514813092452	18.116824
A	237	LYS	-167.927478243816	72.16269	64.4814543630798	-176.798398430299	19.53364
A	145	LEU	-166.487230430837	78.71923	68.0258523673582	-178.968579256494	5.95156
A	219	ASP	-164.426586935072	65.51249	57.7682986812136	-175.732429829312	19.7822
A	184	TYR	-162.495978005295	117.50694	88.8082562355512	-200.482499889597	22.135916
A	81	LYS	-158.107511915612	78.54348	61.6889440725544	-182.840597171725	21.36691
A	113	THR	-157.035331920736	85.69064	70.8412122474736	-175.566585087669	7.66089
A	185	ALA	-156.773283713289	77.443	66.1828547828835	-169.374116389366	4.59821178
A	53	SER	-156.737596374627	93.82591	77.1753519242361	-176.713901839581	16.604405
A	63	PHE	-151.828719806412	72.28661	60.805874806436	-168.968935031328	1.78358851
A	4	LEU	-150.993773943752	122.44164	92.4059658189027	-188.847114588174	8.390789
A	91	ALA	-148.925430804716	60.36818	53.172026229347	-158.186211065218	0
A	212	VAL	-148.723414602511	91.61206	74.049975681428	-171.830151607157	3.207231
A	147	VAL	-145.981113264595	88.19806	72.7702002492115	-163.749255537704	3.398544
B	418	SER	-145.010305889123	63.52839	56.9686598509085	-152.059367518184	9.986527
A	208	SER	-144.424698225621	72.87569	58.9013275142041	-163.001031390645	9.4404
A	56	ASN	-143.140764047483	68.20399	59.4998851445049	-153.010470540349	13.5103461
B	467	ILE	-142.534701468902	78.42178	64.6025126020265	-159.243226894694	3.282216
A	166	ASN	-137.898791991374	80.51031	66.0996820568806	-156.309555177828	13.30212
A	218	ALA	-135.746203002322	55.53516	49.9539847559798	-142.963541732972	5.425771
A	70	SER	-135.684144587284	46.86188	44.0898004119408	-138.571364768756	11.07717
B	384	GLN	-133.942545520343	64.77253	57.1093577412778	-142.196309986637	4.7775691
A	49	GLY	-131.821732295724	38.14174	35.6076970775741	-134.704776919628	0
A	179	LYS	-131.659640135496	97.19732	60.1214936331904	-218.490710327704	35.48207
A	32	TYR	-124.870130494335	153.1453	102.489785036829	-191.914533174124	13.990795
A	217	ILE	-124.188500280197	80.14761	59.6901444502339	-152.946974052546	14.83642
A	239	GLU	-120.298176778515	73.59904	60.3980661108249	-135.249091424464	14.27319
A	116	THR	-120.057900021198	61.42718	53.6198609057915	-128.447573953572	14.83127
A	216	ASP	-119.508191595797	62.6297	52.803451597786	-130.573803328717	2.250214
A	68	SER	-118.746242490869	48.66847	40.1626040134245	-136.148763747416	16.57375
A	57	THR	-117.714215177313	44.17246	40.158434575823	-122.077649845333	3.97175
A	31	ASN	-116.925200869856	100.63314	74.2365089942485	-151.880884387008	15.636396
A	33	GLY	-116.796664054175	46.88451	40.8373672601154	-124.401896451992	7.80507
A	101	TYR	-116.065863608447	164.27231	105.544176047014	-203.911458519637	11.790526
A	29	LEU	-115.077310027776	95.67564	72.3343060794118	-143.846900559125	2.024761
A	195	ARG	-114.275051136633	116.74098	82.4952861425768	-164.768223651608	25.084697
A	165	THR	-113.734319731886	61.17224	50.8887827230346	-125.807019216466	17.64853
A	12	VAL	-112.174974512685	58.67073	50.3126948750955	-121.707218109753	0
A	108	TYR	-111.590887344902	125.57453	79.4480152898014	-186.077708084517	30.949131
A	163	ILE	-111.114028955412	84.44814	65.7882829374111	-132.580479529969	3.09267
A	197	SER	-110.520211418432	62.32262	48.2818545615828	-131.307359384057	13.1701
B	417	VAL	-110.407044857495	42.0472	39.0338132243872	-113.550880939291	0.217666
A	199	SER	-109.202855071864	55.30844	45.9552794433939	-121.672937534636	13.345991
A	103	ASP	-107.994920837808	52.70799	44.4399309696461	-118.525986728324	1.986607
A	226	ASN	-106.000137757035	101.05881	71.1115060142958	-148.16205272615	31.103603
A	140	GLN	-105.682943856075	115.80595	81.2938109039226	-148.994015629915	5.71155
A	231	THR	-104.929707782733	77.31098	57.1055650899402	-137.997344364654	10.8371833
A	144	ILE	-101.754240318771	51.98376	43.0430672784448	-112.1917646827	12.98492
A	77	GLN	-100.621349341168	61.28309	51.0568459923613	-111.910805658321	10.22075
A	156	SER	-98.5765808138955	65.66245	51.9909699654248	-116.05332692192	14.01643
A	66	ARG	-98.0470532785218	106.42869	70.2165631316689	-164.664674898304	25.496098
A	83	ASN	-96.9578264418439	58.19596	46.7382820358527	-117.460968593894	13.9798
A	110	GLY	-91.4583571667128	52.53686	43.9756160397172	-100.973821677071	1.039016
A	90	THR	-85.0455843929304	83.75317	56.3170560875499	-127.169195114913	20.6932
A	107	ALA	-83.7762135418951	56.7496	42.6154321136972	-104.970767322313	11.734211
A	146	SER	-83.307521107217	56.46114	44.3228966358733	-99.0043467043402	18.91728
A	158	ARG	-83.0430230449918	105.10599	70.3093982468441	-139.021973866455	29.671486
A	89	ASP	-81.7038606999379	58.81349	45.6267062739022	-98.0922412084415	1.55633
A	139	THR	-80.2675013040543	52.53081	43.1534742160767	-90.6015905168129	12.3312
A	189	ILE	-79.9592121250347	88.70819	62.1359204331839	-114.304770700585	12.550735
A	114	LEU	-79.6328572098001	64.80023	47.6725230674455	-106.840235750417	22.76508
A	7	SER	-78.7571347894916	40.93708	35.1588930470842	-85.3139812488752	9.71451
B	18	GLY	-78.7274236195368	48.60769	39.7411020163578	-89.0110333039679	0
A	198	GLY	-78.2783406144382	53.65465	42.7697709775326	-91.194505206881	7.6371615
A	27	PHE	-76.1186157969697	91.84478	63.1647458995562	-113.730258029615	12.638664
B	438	ILE	-75.1843179260869	30.36679	27.0409233552921	-78.9617398776301	0
A	98	ALA	-74.7548240219165	49.55532	35.230352835252	-95.8664609203103	4.847872
A	229	PRO	-74.7435654371918	67.60177	48.413523282378	-100.201300193463	15.42139
A	233	GLY	-70.4922609476644	52.36329	39.8408125695524	-86.0532351200294	2.78463
A	192	ILE	-69.1787450820939	60.24082	43.2021156129128	-92.2032269740676	9.896229
A	183	ARG	-68.782841955575	83.16743	53.834216691435	-112.560167741809	12.175235
B	409	HIS	-66.9236264103266	79.35347	55.3259989887342	-96.9658882476703	10.481643
A	211	SER	-65.2501752234908	42.89119	35.1982028075528	-73.7298312629827	12.32687
B	440	SER	-64.0804311235273	24.27141	22.0417631435639	-66.5626134290977	0
A	154	SER	-64.0648731688466	46.70152	34.7484437980315	-79.4839872503996	13.32114
A	202	GLY	-61.082248041475	40.49084	32.1156386035419	-70.7635440584551	8.03408
A	112	GLY	-59.577387936146	38.65911	31.7632180640519	-67.201512072205	2.21105
A	159	ALA	-57.5599166012131	57.53349	40.889082600562	-78.9051118882943	3.897735
A	9	PRO	-56.7658963646031	45.20515	34.5295421171433	-70.9859006301231	7.45409
A	11	LEU	-56.7488234381779	35.9263	28.422883596456	-65.9788428593729	9.28991
A	28	SER	-56.7059853939283	48.52568	35.3985871904364	-75.176762570678	11.50115
A	19	SER	-53.5486569998873	50.36713	35.7814357189727	-72.9875499343009	20.4019385
B	441	GLY	-51.5754610683091	35.30158	27.931368967706	-60.3525258466486	0.880966
A	203	THR	-51.5476622052239	58.92613	40.6312265065107	-77.1074992960023	14.72746
A	23	THR	-50.4557010877494	67.73525	43.9730944649059	-82.2077118470775	17.947438
A	164	GLY	-49.429783052444	23.21813	20.4186194753504	-52.4994690456929	3.89107
A	152	ARG	-48.5293396057929	57.25034	39.2603182442653	-70.9550085805982	16.62119
A	76	SER	-47.8782325951256	63.09292	42.6857777318513	-73.4685233301332	8.376558
B	443	LYS	-47.7010966304318	58.42263	40.5355171652991	-87.0204622357654	26.97881
A	210	ASN	-46.9266624500858	78.84453	49.2609813833976	-92.6269653617689	29.04912
A	15	SER	-46.8838006573529	43.06198	30.6949470926881	-63.5155560054947	14.4145
A	177	SER	-45.6118645347494	45.88136	32.7081040365648	-62.4512964588216	10.562355
B	469	ASN	-45.5414449322488	23.42879	20.435033764075	-48.7561402095812	3.7895925
A	150	GLY	-44.9092686456632	35.50236	27.4952606037615	-55.6211801007263	12.06033
A	84	SER	-42.7143454566878	42.06187	29.1630409640849	-60.8849050177996	16.343058
A	10	GLY	-40.3880811791407	36.32792	27.0323665077323	-52.3607223222402	10.06261
B	412	PHE	-38.8684346800359	22.97989	18.8199232341903	-45.1887416530446	0.660455
A	99	LEU	-37.0816445416801	127.84278	71.342762830103	-127.812923750253	35.204031
A	16	GLN	-36.9490302922101	18.33107	16.0219619410932	-39.4509468469665	0.583148
B	349	PRO	-34.5604047001869	39.66187	27.2759551628584	-50.2260419865027	5.046388
A	235	GLY	-33.7239460778104	54.52595	34.7981732544085	-59.8889611110587	14.31628
A	136	ILE	-33.2819297751939	133.68892	74.5063027187055	-114.725031509746	15.648624
B	16	GLN	-33.2192347503251	42.11289	28.6825415870333	-49.921072140791	9.99759
B	19	THR	-32.3846900633734	57.59034	36.2171568710321	-59.8004950038207	7.959831
A	40	SER	-32.0769608212066	32.13875	21.6545829464997	-49.4465081353699	7.64875
A	8	GLY	-30.9966263876797	28.17403	20.88780494138	-39.7497415887429	5.58995
B	382	LEU	-28.7480633960549	13.7766	12.2557575018167	-30.3595904667633	0
A	141	SER	-28.6601318939848	57.56312	33.2747916532111	-73.0455721352252	13.76008
A	186	SER	-27.6531149011844	25.32954	18.197980908047	-37.7092225533565	9.82056
A	240	LEU	-26.5057886102853	90.50036	50.7213468643327	-87.9391743399078	20.995031
A	142	PRO	-25.8820051191682	34.05879	22.7424753914967	-40.4660246258581	3.90073
A	17	SER	-25.7688022178043	45.03019	27.859834579078	-51.387261073809	11.78951
A	54	GLY	-24.9652679073317	62.52805	36.3846335015444	-65.4005054483118	15.148357
A	143	VAL	-23.3694120070558	32.2112	20.9793335327256	-38.5121873170168	10.97204
B	465	LYS	-22.1149461298704	51.85067	30.6857984595588	-51.1392570522267	15.31435
A	160	SER	-20.9540532436388	46.33832	28.0836738225262	-50.3412989115463	15.443277
A	241	LYS	-20.6006743689913	84.7436	48.0845043717518	-86.3426570114988	31.055854
B	17	LEU	-19.7535361397797	36.30714	22.390329787814	-39.549857694532	7.17375
A	44	GLY	-19.4150992813268	34.53277	21.9112182420918	-35.599605058615	7.848821
A	188	SER	-19.2622209121111	17.19346	12.538053264791	-28.7897384820049	7.459554
A	201	SER	-17.7438482266431	17.23099	12.4405217450678	-23.5126082683272	6.7628
A	14	PRO	-17.6911631879412	70.30589	38.8413931227934	-62.234293526225	15.36137
A	72	ASP	-16.3769287565437	15.85588	11.6459098122835	-21.3128501663903	3.2137
A	30	THR	-16.3018946376899	54.02864	30.2204361823417	-57.4487949575087	30.51212
A	213	ASP	-16.1878748082751	27.2778	17.5711368317485	-28.1850762760591	9.44877
A	149	PRO	-15.8350734554967	54.8064	30.6310149124742	-49.3273302853086	15.63109
A	111	GLN	-15.1027704171662	76.57093	41.5331180924049	-68.7886018355899	30.68706
A	200	GLY	-14.9407387829051	16.56682	11.6981094442666	-20.804267543617	4.5644
B	385	ALA	-14.0495068729588	9.11391	7.50702998356998	-15.8172582204787	4.36115
A	204	ASP	-13.9204085066493	29.13817	17.7158635305747	-29.8615436489003	10.61792
A	73	THR	-13.170735974738	46.15249	26.3143005498975	-40.7957111558042	11.565909
B	408	GLN	-10.8976558575257	13.77768	9.43957146583915	-17.631034653156	4.58449
A	2	VAL	-9.83179294923184	92.3109	49.513606431143	-77.1345713024759	17.37285
A	151	GLU	-9.6955311909576	36.01559	19.7442489308026	-48.0855962556617	8.42781
A	227	ASN	-9.65015187264702	93.64463	48.5687776370119	-85.416231616936	11.2022925
A	234	ALA	-9.39451503972043	38.44075	21.4414898645374	-32.6125050272998	15.46704
A	61	THR	-9.17351107068966	18.75015	11.5755027468219	-19.3576808128639	9.72332
A	26	GLY	-8.85637881288341	47.50922	26.2219652026827	-38.749814181107	11.258339
A	162	SER	-7.8239949749311	40.23141	22.5822103250366	-35.5661846901409	19.91209
B	348	LEU	-6.78975193219309	15.5302	9.43600748339892	-14.5277293815646	6.29422
B	415	ALA	-4.83873838036808	5.61583	3.94792854087889	-6.81774774262329	0
B	470	ARG	-3.87474285196494	5.99558	3.90587204108775	-6.49061957751357	2.011965
A	176	GLY	-2.03768907509245	6.80133	3.90631063955784	-5.80919539075563	3.6213
A	118	SER	-1.69740943015946	48.3823	24.6394659952426	-35.1575491235711	9.49791
A	86	GLN	0.43442091296491	42.24888	20.8723146141836	-34.8775873604968	15.07496
B	419	LEU	0.801143756623732	1.38898	0.499577973480225	-0.6191733751146	0.338659
A	75	LYS	1.3632327198614	7.23074	3.27556773760021	-4.36243000144276	4.04493
B	26	SER	1.40466620244145	5.95018	2.62554527638972	-3.46337165219596	2.23126
A	174	THR	2.20216323206829	1.10348	0.132042504503727	-0.140635406213919	2.36375
A	24	VAL	3.45112944201334	72.09415	36.3061718866838	-57.5509429838106	4.7957298
A	137	LEU	4.00464379287349	47.80123	25.3198829087776	-47.3569173764236	20.084076
B	471	GLY	4.52252337914561	30.52836	14.7309364649203	-22.1418975604876	7.13717
B	350	VAL	4.61977171567946	2.65585	0.396731541650742	-0.429690182913916	1.8457
A	3	GLN	4.73838736074106	38.0074	17.865160498333	-24.4529038043032	6.834786
B	325	LEU	4.87791483065552	1.51961	0.0589486363431439	-0.0601224594506443	4.36989
A	187	GLU	5.0186180779706	1.26986	0.0239394209834561	-0.0241679508809364	3.99469
B	463	LYS	5.0186180779706	1.26986	0.0239394209834561	-0.0241679508809364	3.99469
B	472	GLU	5.10826373227559	3.15508	0.521643739985228	-0.570199612221163	4.86406
B	466	ILE	5.32194107082993	14.19563	5.8585280991739	-7.75550299579044	8.83883
A	148	SER	7.73321794606569	27.33508	12.0390113701747	-16.3366493501378	9.67769
B	22	ASP	9.16014098142471	35.57394	15.6678403977604	-21.109191771618	7.12669
A	194	SER	10.3841133004487	8.23417	1.81797759914652	-2.05415954565057	5.33707
A	55	GLY	10.7768337711193	38.90567	17.1298734427983	-24.9296956185545	13.775158
A	130	GLY	10.9157203198694	2.84991	0.0605440578695945	-0.0611964187057234	5.67599
B	47	GLN	12.2907570111828	6.91003	0.998262731402963	-1.07816619283303	4.32443
A	193	PRO	14.5016021307925	6.6889	0.68668387158215	-0.724546198706496	6.7465
A	13	GLN	14.9288283209859	28.38118	11.3237140082872	-15.5458413633036	6.77752
B	15	THR	15.4579266650478	13.49888	3.32307133053482	-3.84521025449985	8.94645
A	214	PRO	15.63595590654	36.9701	14.7034271718234	-18.9512616110994	14.63558
A	175	ASN	16.0099768586284	7.09651	0.719728553139046	-0.764739702381031	11.74762
A	123	GLY	16.1308299444743	12.7029	2.78552017308623	-3.14449565454424	9.46493
A	87	THR	18.4489709547611	75.42495	33.1455642276336	-54.2633281026222	30.3486
B	20	PHE	19.1677702463656	49.5318	20.8753126596689	-29.1974348789176	11.14302
A	64	THR	19.4088616913507	5.07484	0.108410996719897	-0.109585718850719	7.98576
A	5	GLN	20.9199497553773	70.51765	33.3747457152461	-49.703716157107	22.255959
A	128	GLY	20.9391503143376	7.51781	0.436974389972202	-0.450188620696627	4.68932
A	135	ASP	22.4192866385708	49.91364	20.7638125826774	-30.2463255858741	19.76539
B	411	GLN	22.4994297293435	26.9393	8.36222182924747	-10.2567027309552	8.229544
A	125	GLY	23.573274578127	28.3716	8.61121603763103	-10.2639902218887	10.27437
B	29	ARG	25.0134286445688	15.71575	3.09182627812549	-3.52909628356977	7.40878
B	473	ASN	25.1110471439645	36.96953	13.0704154322654	-16.3071746366932	17.78728
A	215	GLU	26.3244223384746	42.37914	15.1153023646918	-19.1106075761022	14.39229
B	25	LEU	29.1361332160445	13.37643	1.39828199071892	-1.48149398483293	11.7664
A	100	THR	29.6326108636049	62.32526	25.5186060922843	-38.3179924243739	30.349891
B	353	ARG	29.9106727903916	24.78056	5.75673011643291	-6.57543519863541	11.74677
A	41	PRO	30.7854610050509	35.32067	10.6709795987281	-12.8825277902295	14.5473
A	119	ALA	34.973673998049	31.48799	8.4079778774856	-10.1682102952528	15.58398
A	62	PRO	35.8360989314334	15.18423	1.52342108371144	-1.62203780490433	14.22444
B	50	TYR	36.3828802775353	24.4001	4.48369771204442	-4.95428421367861	7.86239
A	126	GLY	42.2475232690002	27.2978	5.15042006626874	-5.8550047644677	12.32465
A	131	GLY	44.5635085222604	16.41294	1.04257125947688	-1.07823008219338	13.17643
A	25	SER	44.6791474432479	44.52829	15.6163190009233	-21.4636405206906	15.23001
A	127	GLY	47.9237285626982	32.24553	6.2993880916284	-7.10705540459846	6.79382
A	129	SER	52.1538816157248	65.39162	23.2649504571852	-32.1684423463818	34.3004
A	173	ARG	55.1753295385218	70.76588	26.3106823883559	-42.5094153987199	28.95232
B	21	GLU	56.0773346171895	53.6169	15.1229729560569	-18.7065496446016	14.77965
B	474	SER	59.4278769222317	30.8402	4.00173488106459	-4.30624533230534	14.58317
A	134	SER	60.879979365448	36.23676	6.7708991019091	-7.98536566010243	16.97472
A	161	GLN	75.2962256158779	90.62918	30.7680607209709	-41.4162556148317	26.66586
A	88	ASP	85.0533040522621	82.0521	23.4600809580239	-28.9347490453949	30.196751
A	43	LYS	104.903045561926	44.89515	4.34998502865583	-4.6216971761019	25.28615
A	1	GLN	130.156638504007	80.48742	13.47788163096	-14.7895520026638	24.936639
