chain	seqnum	resname	area_pseudoenergy	area	area_expected_to_persist	area_goodness	boundary
A	11	LEU	-235.57066277063	98.75724	90.2220257482028	-244.527244957661	0.494571
A	41	PHE	-204.915442113111	103.59645	84.3743057487459	-233.043655902371	5.6554711
A	18	LEU	-193.692600133211	96.66606	83.5211794013393	-208.655089860118	7.25138
A	77	ILE	-185.504362522187	89.5516	78.6919978509843	-197.349420905887	1.07317
A	10	LEU	-164.132611392674	85.7972	72.4314270273507	-179.503819179471	12.7162
A	60	VAL	-157.821032099615	74.51306	66.322462586093	-166.528425156432	0.984314
A	57	VAL	-144.610193201906	70.07244	62.068117333231	-153.127659818969	1.290189
A	84	LEU	-143.359096498103	84.787	69.950806740123	-160.169066702392	4.74299
A	70	LEU	-137.984824099936	93.9949	74.0385338943452	-162.062846900686	9.837044
B	101	TYR	-133.874697461304	85.6535	68.8856522473454	-154.187073504488	2.6285109
A	45	PHE	-126.293231679229	89.02976	70.4485065502846	-149.126562871056	3.136686
A	56	ASP	-121.51705589347	62.95316	53.306698174566	-132.57201263717	12.682607
A	24	ARG	-121.267722368778	129.9769	89.9296835490303	-176.201312485667	4.323263
A	74	ALA	-114.798529375122	53.66406	47.8227027527392	-121.013522158506	0
A	14	ALA	-104.824865207442	52.40176	46.1205513301551	-111.522557132004	0.62683
B	69	LEU	-100.084832698616	67.97212	53.7160360269523	-117.433126193595	0
A	53	VAL	-97.3496256751613	75.3957	58.1795347436309	-117.375724472517	0.663138
B	98	LEU	-81.9094975528328	25.24277	23.3925347374162	-85.1043473320832	2.93629
B	14	LEU	-73.9470916404608	75.08594	50.5456861171123	-110.199669766502	13.65994
A	7	ALA	-72.2644382487494	43.72607	36.0816802767549	-82.0710052371248	0
A	21	VAL	-69.4634587698149	76.2581	53.8133840128779	-96.8932760811892	1.226848
A	50	LEU	-66.7133062596778	76.85056	53.4971237885189	-95.5781776047411	6.410513
A	38	ASP	-66.0684993174806	59.89016	43.0383293615872	-91.2090894757392	5.982771
A	64	PHE	-65.7292267972824	83.83667	56.4345271516579	-100.72228920217	13.366432
A	25	VAL	-64.2523258827202	68.17851	48.7873533792621	-87.3203278919532	2.603758
A	73	ARG	-63.6162549460261	76.05414	47.7899305708808	-105.550295318751	21.86599
A	61	LEU	-54.0974408988518	64.43289	43.9203035103099	-82.7151082085086	14.80509
A	71	ARG	-48.0602813767669	55.01987	38.6305515638697	-67.8006246976609	15.264732
A	91	VAL	-46.9494581084628	52.3527	37.1801515987456	-64.871403450397	5.489756
A	81	ALA	-46.2068986387074	54.035	36.3526755650341	-69.7371204161674	1.785412
A	42	MET	-40.3100280259159	81.88136	50.9722258358559	-86.2583610211629	2.0088439
B	127	SER	-36.6721005259188	17.0527	15.2743926924407	-38.5501280696445	2.70234
B	99	SER	-36.2664098766936	29.50562	21.8464187148082	-46.0914765453768	0.721013
B	128	ASN	-34.4549115765793	59.20904	36.8539399760616	-65.4731582486155	6.030676
A	49	MET	-32.3060713527754	69.01204	42.3901033560991	-68.4650119457377	4.864616
A	28	MET	-31.8883398313239	119.6544	67.7711475910127	-108.794845908067	10.16386
A	15	GLU	-31.5215344853065	49.29902	30.2646680746651	-63.5834573754379	16.25751
A	27	TYR	-30.9772696170375	125.25744	67.9671453139362	-124.575759648303	10.237571
A	88	ALA	-28.2196727430686	37.3338	24.9169165193915	-43.9409202352153	7.40882
A	80	ARG	-28.1145015480727	42.77626	26.9264752434454	-66.3361248723903	20.47474
A	78	LEU	-22.7099900488853	54.10066	31.8467094590815	-63.3651798932903	13.054511
A	39	ILE	-22.6169571899705	83.8904	47.4670985118628	-73.186032148702	1.3274643
A	17	ASN	-22.0741437260022	60.1809	35.2856363487005	-56.8298640276499	3.32194
A	22	GLU	-22.0272513349476	46.29434	26.8143334043965	-63.2656552464329	17.43947
A	65	PRO	-22.014442708029	23.5397	16.9045659871757	-29.8085455498246	9.06417
A	46	VAL	-19.1276120446224	54.38647	32.2687190513742	-55.7210310452324	10.474162
B	125	ARG	-15.3619401079528	48.4302	27.9761608996779	-42.3728321167977	7.1502879
A	13	HIS	-14.3407969238644	84.2105	45.5789718996584	-67.9987220904602	14.554213
A	95	HIS	-14.0240341571419	75.39832	41.4730255698127	-61.9541175925149	5.5379093
A	4	LEU	-13.4171009464306	42.93203	25.296487218243	-42.3387824389726	15.76947
B	19	THR	-11.768495409936	61.0868	33.4438310486942	-49.3103498793258	7.203279
B	89	TYR	-11.1120560643967	10.5497	7.82164382432103	-14.2685546126013	1.50602
A	75	GLU	-9.99392121248644	20.5057	12.7030216548502	-19.8133423450434	6.89909
A	92	VAL	-7.93272403594604	68.76964	37.4953184268466	-59.1856576713337	14.567891
B	45	TYR	-7.70044838780413	39.77307	21.7482502502626	-33.4793118421356	6.122819
B	68	ALA	-5.53518349985979	4.88008	3.6923689889288	-6.89620540176759	0
B	47	GLN	-4.68027846143656	37.24902	19.9185154025871	-29.5336503945901	7.339742
A	43	LYS	-4.10916385185487	37.89347	21.5566229771924	-35.5804100254955	15.45397
B	130	PRO	-2.5501005949782	18.5803	9.92667628104687	-14.1976479432771	0.903791
B	18	GLY	1.58903398198952	31.4599	15.4566178506583	-22.5449416958519	12.18221
A	8	GLU	3.79037408205211	33.6284	15.8684967499793	-21.4861540843387	14.18833
A	19	GLN	4.49358253227696	1.71264	0.115815342292786	-0.119917290888743	1.55735
A	29	GLU	5.29822217948742	72.0832	35.0598770585865	-53.1716738884118	24.61622
B	93	TYR	5.99868952709275	1.48018	0.0252800788447633	-0.0254984487399927	4.6125
B	102	ASP	6.74441168030762	16.73949	6.78634567140087	-8.91332700578538	6.626658
B	71	THR	6.91870853448942	9.82166	3.56859297089696	-4.74782577552408	4.81606
B	349	PRO	7.09577303175965	2.60466	0.160334722172543	-0.165481925246899	4.82959
A	16	GLU	8.51654280247462	39.69689	17.8387465283774	-24.2922598938396	3.57513
B	325	LEU	9.17111172504162	2.5749	0.071082193496637	-0.0720817732606353	4.24608
A	87	ARG	9.37163688688562	79.703	37.6298531363189	-53.7203600611044	22.65571
A	59	GLU	9.62149416426744	31.02416	14.3256396998518	-25.5725245255984	12.79659
B	21	GLU	9.81909316003447	2.8256	0.0848545075178146	-0.0861547210842979	3.89451
B	22	ASP	10.3507681814441	17.245	6.10979492604733	-7.54314456898358	8.35769
B	355	ASP	11.734138136914	4.39786	0.285330004893243	-0.295006906324588	5.5973
B	441	GLY	13.7380222430998	8.99176	1.60331261400819	-1.76590061349028	6.91333
A	67	ASP	14.5368199791785	7.39613	0.90881455457218	-0.969692478209291	6.02875
A	20	PHE	15.8121530905766	66.42469	29.9532334807163	-42.1152400006559	22.63085
A	82	ARG	18.6185474938744	7.37727	0.547455301574394	-0.568832583264865	3.94377
B	153	SER	18.8649071412293	6.51345	0.340892844280042	-0.350137460015777	9.12999
A	35	SER	19.533541426667	17.05244	4.1213209335205	-4.72167829043449	9.22583
B	159	HIS	19.611019614892	6.52588	0.310127999329194	-0.317842868359474	8.08635
A	40	GLU	20.2977656301853	7.70791	0.516595893525109	-0.534722001526856	4.45631
A	34	VAL	21.8188759157911	72.42931	31.6624348296387	-44.3690789371832	15.206056
A	94	LYS	25.465457110036	21.1943	4.90021205592453	-5.57261599341615	10.2861
A	58	GLU	25.6388935808368	10.29178	0.873309612315465	-0.918158918324259	8.04011
A	9	ARG	25.8126410447187	42.9414	15.2627773453951	-18.9622236406624	18.08748
A	85	LYS	28.5946817168556	40.43258	18.3866393243985	-33.8829403477267	26.19536
B	155	ASP	30.7754853728044	19.49302	3.6535233124844	-4.10239599420233	9.664231
A	12	LYS	31.1028524265288	34.41314	12.2461822646593	-18.1337718421734	17.32028
A	32	GLU	31.4819283797697	40.76005	13.1094352963656	-15.9548440419405	15.863099
A	98	LYS	31.4887688150527	38.81993	12.66806697585	-15.4805318924533	18.43567
B	15	THR	32.2808030342204	29.81567	8.59127754139096	-10.6607558306766	14.059761
A	26	GLN	33.1330206243059	40.65414	12.9915177534288	-16.1014589603516	14.46339
A	48	GLN	33.3335415602621	53.32811	20.4193947128455	-27.3947615530363	24.50137
A	23	ASP	33.4356124307136	39.7769	12.0432971473873	-14.4183135760813	11.60893
A	33	ASN	33.6532577212668	15.81536	2.06800764297592	-2.25740114580127	10.01727
B	20	PHE	36.7679299956522	50.5451	17.5521239558421	-22.3267392940848	15.08622
B	443	LYS	39.2809661518717	35.4372	8.79398218365312	-10.107663557739	21.8095
A	36	LYS	40.6848198044635	44.7924	13.184457603468	-15.8498454545267	15.90158
B	16	GLN	40.9648053577358	65.73484	23.2514897352098	-29.3537186103121	8.107597
A	51	ALA	43.1667948178189	22.4847	2.87535599081665	-3.07655654542769	8.31525
A	52	GLU	43.307396506414	55.08811	18.5409929617408	-24.0941611906595	12.92282
A	99	HIS	43.7580902571916	58.46439	18.8431710254145	-22.8233760448423	20.22588
B	350	VAL	43.7630506929018	19.0918	1.7520049991712	-1.83767690461261	11.8455
A	96	LEU	45.789418208636	49.99918	17.7998745779919	-26.7842952312866	16.59558
A	37	TRP	49.2390428178781	53.20886	19.3100426602862	-28.9086342824647	30.90863
A	62	ARG	49.7413585603341	28.8951	4.38295279749781	-4.75333733046686	10.1197
A	54	GLU	50.5102925682135	55.01331	19.8320095766301	-28.9153431945064	21.492627
A	63	ARG	51.8286511853262	61.6262	20.837414833519	-28.7100412690072	24.62271
A	3	GLU	52.6291746749765	61.98753	19.5052832806718	-24.5381812771771	34.03268
B	418	SER	54.0405907860196	27.8488	3.5702702818945	-3.83483550475812	17.82689
A	2	GLU	55.3018209834073	30.5368	4.29098810378313	-4.62406804760548	19.804
A	6	GLU	56.933230305284	50.08477	12.9121485245291	-15.3655578663287	23.76023
B	157	GLN	58.4581368835475	30.69498	4.11367975929402	-4.44300736296611	8.829185
B	468	SER	58.6310903825621	31.66851	4.34771539961495	-4.68226645041072	22.51448
A	44	ARG	63.0272717771492	29.52967	3.26441538999025	-3.48029037308028	16.00192
B	90	GLU	64.1081656943395	34.59697	4.75715994300649	-5.1325901358208	14.6491832
A	31	THR	64.2060107798061	34.16104	6.5380443595979	-8.71393729275726	14.81644
A	47	GLU	68.0774130836685	32.72142	3.9490483524235	-4.22434916525373	21.00711
A	30	GLU	73.9547969458142	40.4599	5.77203936055303	-6.25898832229786	19.6454
B	103	ALA	85.1548109853851	69.97107	16.8135459696415	-19.5121284814579	20.94485
B	105	LYS	91.4268560397975	68.5911	16.1046880530819	-19.2537304791833	18.19373
B	353	ARG	122.308344494903	74.05131	12.3053118649001	-13.5166652195286	27.896
A	55	ARG	125.341481309267	66.60274	9.45696702931989	-10.3338414967029	36.54845
B	357	PHE	132.748100752388	61.80287	7.09334507414339	-7.57669947923547	37.3458
