chain	seqnum	resname	area_pseudoenergy	area	area_expected_to_persist	area_goodness	boundary
A	170	TYR	-636.213379872606879	161.108599999999967	154.873319125291857	-642.905333899794414	0.000000000000000
A	36	TRP	-603.681258706433709	187.954589999999996	176.777079324547856	-616.236953354154252	1.001980800000000
A	169	TRP	-599.868911496423834	188.796850000000006	175.280495878656268	-614.754497273349557	0.000000000000000
A	223	GLN	-536.839864808266157	129.071020000000004	126.341184330268106	-539.638793323325785	0.000000000000000
A	47	TRP	-534.151034339049147	163.743840000000006	155.355007563278321	-543.000102279526914	3.187384999999999
A	35	HIS	-497.148585227915135	125.842260000000010	122.514599705660046	-500.572202862223719	2.616020000000000
A	220	TYR	-489.632239430623486	144.054730000000006	137.998179396947364	-495.938556130943311	0.000000000000000
A	232	PHE	-465.877140107035871	150.489640000000009	142.225092970828769	-474.476093756240573	9.747100000000000
A	80	PHE	-454.156009697830996	140.946879999999993	133.404328844010280	-462.000747148122286	1.835910000000000
A	93	TYR	-448.382757444622769	140.398480000000006	133.065199848330280	-456.184941669713965	1.338431000000000
A	207	LEU	-443.463037739111599	133.866069999999979	126.639528884563916	-451.145000910741715	0.000000000000000
A	102	TYR	-439.034954519882604	176.600310000000007	156.087713490058519	-462.702759475033076	6.998344000000000
A	37	VAL	-437.911796179036628	116.291350000000008	111.691616591117921	-442.720896187740948	0.725377000000000
A	106	PHE	-436.793479306596453	125.933910000000012	120.459938844573074	-442.503776487011635	0.000000000000000
A	38	ARG	-436.091111913805321	173.531499999999994	147.525679945204132	-472.150883623603534	10.981868000000000
A	48	LEU	-424.821181447519677	129.021950000000004	123.228523043746463	-430.806676029691232	1.091668000000000
A	168	HIS	-424.696340963694013	115.722160000000002	111.178351984466516	-429.541267256948345	0.000000000000000
A	155	PHE	-418.506486103311374	153.100799999999992	137.246699572279880	-438.503158824143327	0.459632000000000
A	104	TYR	-414.475224711109945	153.909610000000043	141.736772821195359	-427.556086318107816	0.000000000000000
A	94	TYR	-407.684649327868499	150.540649999999999	131.777763437007280	-429.929069617292669	7.043222000000000
A	52	TRP	-405.430526911350569	142.222810000000010	130.934612081204193	-417.886006559162979	6.658230000000001
A	238	LEU	-394.485354609200158	136.277440000000013	127.771773054082274	-403.396005905452796	3.118297000000000
A	181	LEU	-383.128922194443646	129.626820000000009	120.289770385396452	-394.033548428802419	5.718975000000000
A	180	LEU	-380.752215979740924	124.989350000000002	114.704726222646244	-392.033523717219566	5.736482000000001
A	20	ILE	-368.438370300099848	120.151200000000003	111.056883163998549	-378.542943675106358	2.050510000000000
A	45	LEU	-366.146062072539053	146.540430000000015	132.225995496705849	-382.973502556066478	5.755703000000000
A	109	TRP	-363.871230831921366	154.400610000000000	137.800823514100102	-382.676670813549947	11.801270000000001
A	51	ILE	-361.988662794798188	109.145219999999995	104.247402294727223	-367.053887557437236	9.750188999999999
A	18	LEU	-343.107502408049299	119.766220000000004	111.799802727909793	-351.529341315716010	0.000000000000000
A	97	ARG	-341.934391783464889	160.622250000000008	135.061510118265858	-371.493573908733026	1.273345400000000
A	78	VAL	-339.587788879603863	116.233789999999999	107.864848894637518	-348.873060129365001	0.000000000000000
A	171	GLN	-330.329017995703737	112.081610000000012	102.448489802286900	-342.652126880739331	11.552291000000000
A	221	TYR	-329.179052122960854	158.291680000000014	126.899911411254678	-371.266843014466531	10.099196000000001
A	209	ILE	-325.615124751943313	112.041439999999994	105.360053972629629	-332.566510005699001	0.000000000000000
A	108	TYR	-316.987451081830613	128.576479999999975	109.106912263064132	-349.301504994750871	25.083888399999999
A	96	ALA	-310.694362748385288	82.474190000000007	79.946895597688354	-313.285411904407852	0.000000000000000
A	184	TYR	-306.271516990762223	127.833570000000009	114.933076385517793	-320.219517222581658	19.090613999999999
A	95	CYS	-301.269096740447992	93.488439999999997	88.836705279993112	-306.120688497775404	0.000000000000000
A	50	VAL	-294.588148238912311	80.193359999999998	77.021082974135581	-297.910213509931111	0.000000000000000
A	167	ILE	-291.088210908485905	100.288820000000001	93.693435092221250	-298.088669472069853	0.000000000000000
A	69	ILE	-287.296418918301015	122.332389999999990	110.676065524502079	-299.919130705200757	5.174854000000000
A	34	VAL	-283.461701369847958	97.297619999999995	88.189336814614904	-293.875054966196103	0.966727000000000
A	222	CYS	-278.559826709730316	96.268059999999991	89.359732742392708	-285.963088115787855	0.000000000000000
A	230	THR	-278.083342220898032	91.189480000000017	85.532946262709203	-284.249691919691145	3.392620000000000
A	224	GLN	-276.298265504764174	94.768900000000002	88.553446110687730	-282.927378046899776	0.000000000000000
A	82	MET	-267.827018867020342	112.374299999999991	100.035893844552831	-281.562430647218321	0.000000000000000
A	205	PHE	-264.872237468135324	121.726440000000011	106.593307197503577	-281.925321630386406	3.073027000000000
A	225	ASN	-254.845712090132224	98.885070000000013	91.582616121044367	-262.460245760548105	0.000000000000000
A	79	PHE	-253.524063463954548	96.338239999999999	88.082841601024910	-262.768527905814324	24.208452000000001
A	105	GLU	-252.663726443312555	100.381599999999992	90.659815572413734	-263.966091592611747	0.000000000000000
A	22	CYS	-252.577657434429483	81.824210000000008	75.761500380607700	-259.113280210921857	0.000000000000000
A	178	PRO	-248.953025365203615	102.350439999999992	92.869055610343267	-259.626129140496573	2.677230000000000
A	138	LEU	-246.361468183469299	118.269679999999994	101.867430829993836	-265.514650543431515	7.630029000000000
A	172	GLN	-244.423102504844280	104.970640000000003	92.289571067086897	-259.308812135462063	11.016272000000001
A	39	GLN	-242.949989532112653	100.983809999999991	88.308628339034158	-258.538604094125219	14.568385200000002
A	228	TRP	-242.782565529281499	173.096479999999985	135.423687850002977	-290.826804279999919	31.341390000000001
A	115	VAL	-241.476771446888108	93.857270000000000	85.017980619689780	-251.097125659029075	0.000000000000000
A	196	PHE	-241.380159556915828	107.166179999999997	94.998641425557693	-258.207640084924378	10.721963000000001
A	4	LEU	-237.486252300511666	124.065209999999993	105.144612543450066	-260.674088781012983	9.911409700000000
A	6	GLN	-237.266230822077659	126.163889999999995	108.655953103205405	-256.275236804083420	8.809590000000000
A	182	ILE	-234.477196789688691	97.293670000000006	85.707935631634015	-248.661250146802047	9.151890800000000
A	71	ARG	-226.679300181260743	127.114750000000015	104.344152942384909	-254.339943345414468	21.748018999999999
A	67	LEU	-223.566100440688160	91.025949999999995	83.267827501589977	-231.897921199832354	2.252860000000000
A	153	VAL	-219.188268636396288	84.557170000000013	77.166170181430132	-227.050810900551852	4.576710000000000
A	46	GLU	-217.585830530147120	97.317019999999985	79.103944216098029	-244.871316868896429	23.426755000000000
A	117	VAL	-216.397171214398043	111.006340000000009	95.214818928854896	-234.368470469665311	5.006970000000000
A	58	ASP	-212.525156441780979	97.775509999999997	82.330728890028695	-236.905624567335565	11.871669000000001
A	92	ILE	-209.413717569995441	84.321560000000005	74.709176685301586	-225.724338783708703	27.462310000000002
A	60	ASN	-206.712442036399949	80.813810000000004	68.419174159748806	-225.965216075304198	15.006719999999998
A	231	THR	-204.795922665904300	74.668229999999994	67.657344549379943	-214.742174672356583	9.022680000000001
A	236	THR	-204.415998214809576	109.967989999999986	90.247348756843877	-227.440038189511313	0.309743140000000
A	157	CYS	-201.292966029432023	93.942470000000014	80.142068757999880	-217.721801885962009	1.602607000000000
A	21	THR	-193.185045377008890	85.023049999999998	75.974880776354880	-203.417916868989209	19.078339999999997
A	166	ASN	-190.206475826063610	86.818880000000007	75.563554690869722	-203.437551457994971	13.036629999999999
A	53	SER	-184.859615857134457	93.782440000000008	80.705445970044693	-200.412240011237657	14.417580000000001
B	468	SER	-183.466147134176822	76.522610000000000	69.746040282617074	-190.606037115224552	0.000000000000000
A	99	LEU	-182.404308830685693	119.911650000000009	92.948171545394629	-223.687231771225953	30.148063000000000
A	85	LEU	-179.985652095483346	99.360329999999976	81.699527500336259	-201.416669282453483	0.000000000000000
A	59	TYR	-179.033270387544690	86.026550000000000	75.128452283736507	-190.983369043787519	10.365200000000000
B	384	GLN	-168.773417157328879	67.862539999999996	62.500031993786990	-174.376825870249775	4.195660999999999
A	206	THR	-167.764863910469700	81.833219999999997	71.147756961240702	-179.503335182804534	19.078589999999998
B	467	ILE	-158.815458822309211	73.593580000000003	64.659457342744645	-168.621590629047091	3.569745000000000
A	113	THR	-158.666437406765311	83.990290000000002	69.711781351590375	-176.875000912581868	8.343650000000000
A	91	ALA	-156.896458364250662	60.496749999999999	53.873480127267953	-165.180946650766543	0.193669500000000
A	185	ALA	-156.747750235330216	77.834970000000013	66.694353249380953	-169.147610214695277	3.226130000000000
A	219	ASP	-154.996142217490728	65.691100000000006	58.323413358574854	-163.667731435976918	17.185092000000001
A	63	PHE	-153.986659071479323	72.370639999999995	61.142106432419844	-169.712117912503430	2.111247000000000
A	56	ASN	-150.411985189324014	70.741270000000000	60.655601763004810	-164.039601764247607	7.819159999999999
A	237	LYS	-148.534786752090554	72.451800000000006	63.453150661500601	-158.284262260550975	20.362940000000002
A	81	LYS	-148.197217758347222	82.187340000000006	63.263848779339419	-175.133636540316047	24.192087000000001
A	147	VAL	-147.170184556844930	87.320720000000009	71.993578426998070	-164.827859140116885	2.749063100000000
A	33	GLY	-146.934771895860479	47.075719999999997	43.943943023646476	-150.284159256920304	6.014590000000000
A	70	SER	-146.528649788140825	48.676789999999997	45.978042903331044	-149.336643606789551	11.547290000000000
A	163	ILE	-145.281472949334585	87.637219999999999	71.384739024754097	-164.647944703138762	0.362732000000000
A	145	LEU	-144.108307306680643	77.745229999999992	65.675329419886509	-157.778725760301626	5.601490000000000
A	103	ASP	-143.090349775150116	56.331119999999999	50.031056837650731	-150.365094548423485	0.754743000000000
B	417	VAL	-142.261230083718829	45.687169999999995	43.422207572210610	-144.624124086369250	0.000000000000000
A	136	ILE	-142.199564692766160	119.479270000000000	87.843009773499830	-181.395179344338658	6.553127000000000
A	217	ILE	-141.811962783670253	82.533529999999999	64.529197655636750	-169.239382925313748	19.302970000000002
A	29	LEU	-139.980622190501094	86.655479999999997	71.236890654849944	-157.345923523367958	1.725320000000000
A	31	ASN	-137.994210011150756	107.468599999999995	81.448959982625894	-173.287464137253636	14.204279000000000
A	212	VAL	-137.551701035047557	90.776440000000008	72.480516489112546	-160.214276620715282	2.684994000000000
A	32	TYR	-135.053032851395130	143.852190000000007	101.398227818228520	-197.271873850876972	16.801102000000000
A	107	ALA	-132.538255929863226	54.427720000000001	45.843663254666218	-145.017135912107335	10.365123000000001
A	226	ASN	-131.802534119714608	96.767289999999988	71.999260908509967	-179.293582997507627	36.628793000000002
A	140	GLN	-130.598091156609740	113.251829999999998	84.839105984645940	-164.840456372279107	5.599960000000000
A	116	THR	-130.430612891424460	63.022649999999999	55.932170994089134	-137.956694648163051	14.080169999999999
B	418	SER	-129.374680397289552	56.174619999999997	50.742437368617317	-135.145821200282796	8.596750000000000
A	183	ARG	-128.703895219253980	85.017949999999985	66.567558995477029	-152.062794607892101	12.995183000000001
A	218	ALA	-128.403985099915303	56.840069999999997	49.555052324845938	-138.553185534807085	5.550799000000000
A	165	THR	-128.215265106066710	65.314109999999999	54.210810035301947	-141.620375775750944	17.031929999999999
A	2	VAL	-126.476517936253558	93.132399999999990	68.847943969130142	-157.534746199601386	9.733966000000001
A	216	ASP	-125.823513685218302	61.624700000000004	53.304695002696477	-136.353216154886752	2.919221000000000
A	195	ARG	-125.459482041335235	114.332130000000006	83.348945873822473	-164.068078129584876	20.447240000000001
A	12	VAL	-123.100589282253324	65.385599999999997	55.735305348586394	-134.439043909741372	0.560841000000000
A	49	GLY	-122.627656040276975	38.687640000000002	35.667443935804350	-126.039036005443819	0.000000000000000
A	98	ALA	-122.611899934654801	43.581749999999992	39.534331653891066	-127.279198859655878	2.612850000000000
A	68	SER	-119.999101250459276	44.100020000000001	39.903469856920637	-124.678277845312479	13.792529999999999
A	66	ARG	-117.388719501245717	109.762429999999995	78.265098709526725	-168.098127388692490	23.309925999999997
A	239	GLU	-115.042028835787306	70.545460000000006	57.207776561236344	-130.801974516391482	13.415430000000001
A	189	ILE	-112.719211967776175	84.912259999999989	66.318610203294611	-135.341892068819675	12.015463000000000
A	90	THR	-109.438691367571110	83.787250000000000	60.354527981842324	-142.112745228526563	20.380510000000001
A	110	GLY	-109.379990154177818	52.605239999999995	45.710445230921714	-116.977637960865167	0.500323700000000
A	77	GLN	-106.638813692138626	61.184589999999993	52.004396650944173	-116.603821948059007	10.956389999999999
A	229	PRO	-102.133946166168130	63.119270000000000	50.391632462032611	-118.112885591431294	10.988382000000000
A	208	SER	-102.111336838662695	74.311290000000000	53.559695360463607	-140.286995610947258	13.229369999999999
A	57	THR	-99.988112922782761	52.681250000000006	41.441091197259340	-121.933445432493826	11.514949999999999
A	83	ASN	-99.554273823650618	54.138700000000000	46.661219693514788	-107.613079278036537	10.348879999999999
A	199	SER	-99.506935680591837	59.248830000000005	47.515686868949231	-118.976557231247412	13.077650000000000
B	438	ILE	-97.487195994637787	30.312729999999998	28.431053164015641	-99.792513178508855	0.362431000000000
A	233	GLY	-92.567972659000930	53.213700000000010	43.122909626944740	-105.240674912853038	2.879752000000000
A	198	GLY	-91.309051006272554	54.519250000000000	45.267729253549582	-101.759820310428751	7.518498800000000
A	23	THR	-88.098246361435741	76.355130000000003	56.065515297986465	-119.347800354484406	24.053319000000002
A	89	ASP	-87.964591892996879	53.336729999999996	44.071454519927158	-98.344668610059244	0.620292000000000
B	409	HIS	-87.830323392754906	79.796040000000005	59.765437242108284	-111.472119876352593	7.429430000000000
A	179	LYS	-85.032551188926689	88.764420000000001	50.893265380385465	-174.620058662872680	36.000670000000000
A	197	SER	-83.408735152282787	61.496369999999999	44.495707086040404	-115.803379555443726	13.039100000000001
A	114	LEU	-82.875908813990691	65.743740000000003	48.740242005927797	-108.743234941110686	23.385754500000001
A	7	SER	-82.095517957134746	45.735610000000001	37.515701323147290	-97.134363134651252	12.480290000000000
A	101	TYR	-81.641768169570838	171.624260000000021	102.961711614192907	-204.440139914631658	16.873391000000002
A	112	GLY	-80.956293606793054	39.827060000000003	35.180710657563395	-85.902286726212679	1.544570000000000
A	156	SER	-80.711532341993333	68.640760000000000	52.320706897013324	-100.371502000308908	18.902369999999998
A	158	ARG	-78.861909171713620	80.114379999999997	56.775339399342236	-108.766079973144073	25.807217000000001
A	146	SER	-77.618576104036919	53.530839999999998	42.215778121798081	-92.718004737973729	18.563710000000000
A	144	ILE	-76.075293475830748	47.578150000000001	36.916076046211970	-89.371636515958713	11.261340000000001
B	440	SER	-69.853255829711145	24.003940000000000	22.277779419299435	-71.706953841075233	0.000000000000000
A	154	SER	-67.113729812990684	51.570459999999997	38.288481483022302	-84.526770262362618	15.007079999999998
A	227	ASN	-65.638362047573054	81.379419999999996	53.173232538534712	-109.997265186648065	12.046077000000000
A	202	GLY	-64.984283877345717	41.009839999999997	33.456042562135124	-73.526495207629210	8.030049999999999
A	192	ILE	-63.840908199148139	61.677909999999997	41.182853800638213	-96.388495910174584	9.926252000000000
A	235	GLY	-60.393282438808043	56.014200000000002	40.354612741234497	-80.927558474782501	13.144400000000001
A	19	SER	-59.870585695702033	46.502659999999999	35.558499284672877	-72.803594435134158	17.515940000000001
A	159	ALA	-59.381646945829097	49.541069999999998	37.054241481898416	-74.883547236931861	1.399360000000000
A	203	THR	-58.702485751762879	62.710030000000003	44.319147641697676	-82.800088632981641	13.824010000000001
A	177	SER	-57.964240266744795	47.360090000000000	36.144110891981470	-71.021412922152251	9.872733999999999
A	211	SER	-56.950402863682179	45.372509999999998	35.293824934964995	-68.355743749289985	14.271860000000000
B	441	GLY	-56.232132688869058	35.256259999999997	28.656060474940375	-63.718387538210195	0.917529000000000
A	9	PRO	-55.785935051846728	47.067449999999994	35.427365594303751	-71.393761912828708	7.771600000000000
A	139	THR	-55.181519069340219	38.405239999999999	30.484393178535434	-65.337464043579857	12.066910000000000
A	240	LEU	-52.440138385200527	91.131410000000002	55.968754737871862	-104.285647611345865	20.127606100000001
A	27	PHE	-51.578727722007955	100.694010000000006	61.418603915284478	-112.245800818433736	3.969450000000000
B	349	PRO	-49.194586636716359	37.710279999999997	29.202215767789479	-59.081224377082371	3.800850000000000
A	10	GLY	-47.659896256147597	36.240969999999997	27.973543936658338	-58.526109171471376	9.629730000000000
A	54	GLY	-47.400239382090717	54.861619999999995	37.461613782770726	-71.179869380332136	16.133911000000001
B	469	ASN	-46.620104427692553	23.380780000000001	20.531426638925016	-49.667507959645832	2.579310000000000
A	5	GLN	-45.951446443426761	59.542960000000001	40.455038125485522	-84.363583450705690	20.257779999999997
A	141	SER	-43.512023594865219	43.082749999999997	31.218557070698523	-58.166597805206088	10.461800000000000
A	24	VAL	-43.213562589796481	53.551990000000004	36.661545549275274	-63.963363152441154	1.927860000000000
A	164	GLY	-42.930866699104982	29.481490000000001	22.788292709400345	-52.628160912244553	7.762560000000000
A	150	GLY	-40.662421763468330	36.121579999999994	27.136904874286412	-52.917416121371360	12.198010000000000
B	412	PHE	-40.221426467806204	29.481990000000000	22.898524520219400	-48.967591614233697	2.202963000000000
A	137	LEU	-38.914820600793846	30.897220000000001	23.643435711818498	-48.375016218043811	8.854077000000000
A	160	SER	-38.272771299652682	45.467340000000000	30.877695624613732	-58.603813090952904	15.245166000000001
B	443	LYS	-37.390134409205899	55.176429999999996	37.686631608716155	-82.287018576932610	25.060569999999998
B	465	LYS	-37.333841311906170	52.304100000000005	34.601854586198243	-61.213638132534456	14.846589999999999
A	11	LEU	-35.072616371874837	38.446500000000000	25.315491846946497	-56.743774219894163	12.311599999999999
A	84	SER	-34.708723868311509	45.068529999999996	30.168080126740151	-54.926674718567227	16.435130000000001
A	30	THR	-33.489845135180381	57.871740000000003	35.303677055671365	-69.694364145076605	24.999710000000000
A	186	SER	-33.103168681954770	25.892450000000000	19.187673791734497	-42.393581156313253	9.973879999999999
A	40	SER	-31.891010858502604	31.273530000000001	21.017293234060254	-48.459436804094693	7.409740000000000
A	111	GLN	-30.729415496468512	72.205860000000001	42.890348810279235	-75.598601830462684	31.948619999999998
A	149	PRO	-30.070654605632644	53.593299999999999	33.334393683932703	-56.437174070680641	14.899614000000000
A	28	SER	-29.963674883911395	55.038359999999997	34.596244788250686	-60.543002502492953	15.225940000000001
A	135	ASP	-29.902873919256120	50.710499999999996	32.519353037645764	-56.869008538360816	19.863910000000001
A	15	SER	-29.507105185508607	39.977330000000002	26.321672847448440	-49.299504804339549	12.782200000000000
A	241	LYS	-28.077826909940729	78.987899999999996	46.831691751661729	-85.090328390956159	30.180247000000001
A	17	SER	-27.257237911403237	47.392919999999997	29.157796268439995	-56.109316465264335	13.265189999999999
A	210	ASN	-27.204250087740895	84.868309999999994	48.989180875953515	-84.189111823678033	28.012930000000001
B	22	ASP	-26.314784406675109	50.529330000000002	31.149729663516720	-55.265829472985089	8.757287000000000
A	8	GLY	-26.028812544179925	27.006840000000000	19.362473390451296	-35.206554844073537	5.884580000000000
A	142	PRO	-25.802662903685789	34.455559999999998	22.818895358080827	-41.438758557655241	3.960660000000000
B	18	GLY	-25.585012267288270	51.788699999999999	31.983349355442414	-51.165097715144682	0.000000000000000
A	72	ASP	-23.262461359799183	17.588329999999999	13.747412120061963	-27.694339713185620	3.447890000000000
B	408	GLN	-23.260517668700455	17.475400000000000	13.118032244648079	-30.302256643284672	4.286650000000000
A	73	THR	-23.135691243185285	43.461259999999996	27.191393773587865	-45.225010820260408	11.184860000000000
A	16	GLN	-22.988138520453241	16.942660000000000	13.418219119177166	-26.967224106853369	0.000000000000000
B	382	LEU	-21.081974634858803	11.627400000000000	9.996536243643840	-22.839173882998381	0.000000000000000
A	143	VAL	-21.011012914988257	30.841360000000002	19.934806227507075	-35.648626902915851	10.708581139999998
A	76	SER	-19.556553897434569	58.787660000000002	33.656819939924979	-56.029574210116834	7.990059000000000
A	188	SER	-18.620268466489549	17.046160000000000	12.312756139924657	-28.513568865335628	7.396235000000001
B	471	GLY	-18.360891178177653	28.046009999999999	18.389402208834611	-33.072125099772911	6.771116000000001
B	17	LEU	-17.711663641836829	32.071040000000004	20.178780463311760	-34.292061368840393	7.029290000000000
A	201	SER	-17.296200205534106	19.165140000000001	13.500792696092340	-24.115226188115514	7.388059999999999
A	162	SER	-16.940897171242113	38.723990000000001	23.541219186129105	-41.834946441245165	18.109407999999998
A	152	ARG	-15.562938216061847	63.182630000000003	35.411642631280884	-60.906626311364668	19.233590000000000
A	151	GLU	-13.670792959998497	31.650509999999997	18.838626862697197	-44.431160270964995	7.280020000000000
B	19	THR	-13.178684307226881	59.735779999999998	33.545577436159761	-54.464388475933148	0.000000000000000
B	348	LEU	-12.788051718309553	16.341799999999999	11.214176008524960	-18.941516462362891	6.295850000000000
A	200	GLY	-12.609948593649847	16.091670000000001	10.879427681993766	-19.189211618189770	4.130940000000000
A	213	ASP	-11.806047019661291	17.114300000000000	11.396930438686731	-18.764213309826903	4.976880000000000
A	44	GLY	-10.677512058203668	33.579850000000000	19.418668707662896	-29.148194340206953	8.393114000000001
B	415	ALA	-10.332196550412675	6.946970000000000	5.666448777679388	-11.747592987148606	0.000000000000000
A	234	ALA	-6.906643162924985	36.983300000000007	20.207516467956594	-29.324538807176378	16.072659999999999
B	466	ILE	-4.934165317573010	13.683520000000001	8.060919248252894	-12.179589481884719	8.786819999999999
A	204	ASP	-3.873773899709446	28.775169999999999	15.355349891963389	-22.053477039583210	11.806970000000000
A	86	GLN	-1.275762073101841	33.671120000000002	16.741267681644956	-31.422048187821243	13.242810000000000
A	14	PRO	-1.208602179497239	68.964169999999996	34.582238054460703	-51.417377581881951	15.497689999999999
B	470	ARG	-0.955238653171410	4.061930000000000	2.268680116091509	-3.321150459412733	1.714490000000000
A	176	GLY	-0.782985664530364	5.240490000000000	2.815628080486890	-4.038533430589788	3.679120000000000
A	61	THR	-0.734790406853048	15.387770000000000	7.903466476293988	-11.412730826343751	9.152750000000001
A	55	GLY	1.941456927446858	36.498679999999993	17.983536391414109	-29.046589668763019	12.000019999999999
A	214	PRO	2.159277281661355	40.092399999999998	19.513069890864799	-26.932261291727635	15.048050000000000
A	75	LYS	3.104988582261111	6.956000000000000	2.714390127210000	-3.440866870983182	4.130320000000000
B	16	GLN	3.333805122642314	40.054899999999996	20.187445072111643	-36.096116409996036	9.715040000000000
A	131	GLY	3.617974959254067	1.375800000000000	0.092522178850434	-0.095780138505816	2.528870000000000
A	132	GLY	4.539013657539366	1.437920000000000	0.058710205744555	-0.059942431019002	3.235840000000000
A	173	ARG	5.009569100222521	69.115300000000005	34.811786227568206	-58.573666016686573	27.114057000000003
A	148	SER	5.241599335277725	28.886610000000001	13.220141697800937	-19.304437563745317	10.033600000000000
B	350	VAL	5.570087885728428	4.027970000000000	0.807814564677811	-0.901592193054333	3.838950000000000
A	194	SER	6.405952156032040	7.441930000000000	2.211547712141903	-2.624365754366417	4.819090000000000
B	47	GLN	6.692482553246853	5.041180000000000	1.056443837945794	-1.185529659584739	3.442780000000000
B	473	ASN	10.257973616396562	39.949550000000002	18.054242802285735	-24.323519909547610	18.329519999999999
B	472	GLU	11.360062166070581	4.901630000000000	0.441951328910996	-0.463427179707912	6.509600000000000
A	174	THR	12.772168091620550	5.640680000000000	0.538215783257829	-0.566677037098639	6.611790000000000
A	215	GLU	12.816233996316418	64.275750000000002	29.439825790647411	-40.391220885966653	22.890309999999999
B	50	TYR	13.221745623720071	17.263800000000000	5.479084707054480	-6.591464649675057	4.424170000000000
A	175	ASN	14.225034548064965	6.067740000000001	0.568370465969730	-0.600903796138619	11.132880000000000
A	130	GLY	15.843355166421398	5.831960000000000	0.361572106866642	-0.373266488891547	5.400140000000000
A	123	GLY	16.097091053610718	14.341900000000001	3.521936166481400	-4.041438307591259	9.980869999999999
A	41	PRO	16.117048730648328	36.258910000000000	14.467946590802024	-18.897717736673940	14.775975000000001
A	100	THR	17.468889970191782	59.198549999999997	27.400105895865988	-41.097478390399999	31.137540000000001
A	191	GLY	17.482347349566670	5.870050000000000	0.284223167987466	-0.291334602511382	5.172540000000000
B	449	ASN	17.597639996933292	5.907820000000000	0.285922750512771	-0.293073369479461	11.922100000000000
A	161	GLN	18.028584206325149	91.772689999999997	43.483207981681467	-63.780774202543583	29.119755999999999
B	15	THR	18.032593658214992	9.488209999999999	1.357936109374360	-1.483662660602317	8.011240000000001
B	21	GLU	19.136127339298625	40.663089999999997	16.369143346701783	-23.840927400633760	11.613400000000000
B	26	SER	19.827899444411415	14.402600000000000	2.902718793631960	-3.241622569129954	3.804410000000000
A	3	GLN	19.870056375442722	46.290489999999998	18.362408957555580	-23.681132870784428	8.883290000000001
A	193	PRO	20.049382040577630	8.789619999999999	0.995012488467018	-1.076853316225036	8.803770000000000
A	13	GLN	21.151355110994093	26.136130000000001	8.428384148364611	-10.511595387145302	8.106539999999999
B	411	GLN	22.791603934896003	15.489860000000000	2.904058620147960	-3.220162555730289	6.547272000000000
A	64	THR	23.499973050462806	4.862660000000000	0.038423431006739	-0.038576041268772	7.817040000000000
A	87	THR	23.842944415537328	75.743279999999999	32.114746957781300	-51.858163587623650	30.930000000000000
A	118	SER	26.400642726485760	48.541470000000004	18.043331127968997	-23.111431417716609	14.518711000000000
B	25	LEU	26.566024716300237	13.664580000000001	1.712288962533682	-1.829779277586232	11.625740000000000
A	125	GLY	27.875175724113966	27.850700000000000	7.492712346971700	-8.733623722972348	10.238890000000000
A	128	GLY	28.793557789061325	10.082400000000000	0.548291575347888	-0.563763449505164	5.050800000000000
A	119	ALA	34.311813422376261	32.717440000000003	8.956423737593960	-10.787323025118672	15.044170000000001
A	129	SER	35.924579089631706	64.378119999999996	25.680298473949492	-37.232817430986991	30.573660000000000
B	353	ARG	41.357491617446911	30.189959999999999	6.403311720594029	-7.297681182723682	15.992740000000000
B	474	SER	41.405520857652512	16.281669999999998	1.186962442063399	-1.232466597761202	15.990739999999999
A	62	PRO	42.440604104977929	20.478890000000000	2.517216090430708	-2.717657578972420	16.887180000000001
A	25	SER	46.571707549490725	45.284639999999996	14.858463858510440	-18.902738105106273	14.947240000000001
A	126	GLY	50.224085421918360	24.261899999999997	2.844033859894128	-3.051767649229890	11.845940000000001
A	127	GLY	58.271458820306727	36.024470000000001	6.360824062122945	-7.084436508017117	9.275620000000000
A	134	SER	59.739584966792094	25.315690000000000	2.446772759044572	-2.607572043574100	25.539320000000000
B	20	PHE	61.697846994187728	47.161000000000001	10.330353426621361	-11.784929124447217	10.696619999999999
A	26	GLY	62.543046044009813	49.296369999999996	11.169519416825892	-12.781314714503608	8.089050000000000
B	29	ARG	71.675735965877735	27.237179999999999	1.998882666522838	-2.082930502323082	19.640550000000001
A	88	ASP	98.537996743727120	81.759590000000003	20.887368022168854	-25.496270922148028	30.482739999999996
A	1	GLN	99.914042222653435	65.716740000000001	12.794007911880822	-14.593789487392520	18.429050000000000
A	43	LYS	119.144852913819136	47.298120000000004	3.939511926844681	-4.165184597805543	25.590019999999999
