chain	seqnum	resname	area_pseudoenergy	area	area_expected_to_persist	area_goodness	boundary
A	11	LEU	-217.355559655954210	99.517720000000011	89.023264300635702	-228.517844504564181	0.913431000000000
A	41	PHE	-181.656908011040514	104.252059999999986	83.133192783094970	-214.392258335731867	7.153405999999999
A	77	ILE	-181.646052908445171	88.940500000000000	77.447621638243874	-194.379424844347966	0.883328000000000
A	18	LEU	-174.091593827118146	95.072120000000012	80.141176454915325	-192.002213663380587	9.896060000000000
A	84	LEU	-133.896898466646945	81.344900000000010	67.228053979001487	-149.683378115097582	5.399820000000000
A	56	ASP	-122.661882378595493	61.143010000000004	52.927634847286306	-131.729757252564553	11.037200000000000
A	45	PHE	-116.013425547725632	88.809910000000002	68.229730639600362	-140.422572595399288	2.608068000000000
A	60	VAL	-109.329122794507100	73.171219999999991	58.433788425144215	-126.355201468471805	0.760286000000000
A	10	LEU	-108.759605390689217	83.599100000000007	58.955086437858057	-147.748570813751144	13.864290000000000
B	69	LEU	-108.758977929845202	68.318799999999996	55.428256379474604	-125.045823445048754	0.003857460000000
A	14	ALA	-103.630980359895347	52.261960000000002	45.418154837348993	-111.111484768294474	0.494869000000000
A	53	VAL	-102.466703688710865	73.528300000000002	57.083013021871601	-121.988108847461945	0.275910000000000
B	101	TYR	-100.416213505230758	86.616820000000004	63.363827954026483	-132.340989532476812	4.828620000000000
A	57	VAL	-96.639306351522677	67.847470000000001	54.621200300016227	-111.383647497204251	1.947495000000000
A	24	ARG	-82.976893961491669	128.618440000000021	82.243681095258779	-151.656770583722277	10.844817460000000
A	25	VAL	-81.325295370936033	69.630700000000004	52.498913677798235	-101.804467661542645	2.320407000000000
A	70	LEU	-75.905565160378401	91.242799999999988	61.109249081462856	-115.095816975840080	9.420188000000000
A	50	LEU	-72.423099480468977	73.894619999999989	52.537901043749301	-99.572239140278953	8.759980000000001
A	73	ARG	-71.313380675680236	81.790259999999989	53.250214493602229	-112.347162295548870	22.967179999999999
A	74	ALA	-69.081307669801404	53.506019999999999	40.794596215782164	-84.183561240385572	0.000000000000000
B	98	LEU	-66.902209797604982	22.783400000000000	21.635548057349041	-68.079986161342703	1.346910000000000
B	14	LEU	-63.113068231364949	68.239159999999998	45.331543669909038	-97.851231320476330	12.533349999999999
A	21	VAL	-52.270163598733667	72.756709999999998	48.489955162306430	-82.571832112331109	1.396249000000000
A	87	ARG	-48.656974280620993	85.925199999999990	53.774226976120985	-92.707887797766986	22.863209999999999
A	7	ALA	-45.847107574721321	43.353189999999998	31.842218813345731	-61.616582565840950	0.389778300000000
A	81	ALA	-45.748258270791951	52.835200000000000	35.916273631859319	-68.061630160363791	3.296780000000000
A	91	VAL	-44.631892617946448	52.049199999999999	36.378980315242622	-63.461055658424669	4.561357000000000
A	38	ASP	-38.426690954244329	59.634080000000004	38.889338907757256	-72.990252004713810	3.382301900000000
A	15	GLU	-32.977375175412526	51.905409999999996	31.287397620675666	-67.825307826808967	17.227788000000000
A	49	MET	-29.666429160793818	63.663470000000004	38.855730643561536	-62.611769157432128	5.344525000000000
A	28	MET	-29.634770673498359	120.450950000000006	67.350813918201865	-106.959887308632432	11.240503000000000
A	17	ASN	-26.898652916011919	58.866799999999998	35.633908037496610	-58.719714935459024	5.061330000000000
A	29	GLU	-26.560674534156554	70.456199999999995	41.387107088210321	-72.352744278730100	24.196880000000000
A	13	HIS	-26.512828632044751	81.843899999999991	47.082169206376001	-73.402170456811177	8.743810000000000
A	80	ARG	-24.837891746170978	37.496029999999998	24.315125785957552	-54.080933048381709	20.578080000000000
B	127	SER	-24.150653481233114	15.267300000000001	12.663722417656860	-27.005209310242574	2.246820000000000
B	99	SER	-23.436092292362268	29.094349999999999	18.984546355422268	-37.923917742496322	0.659451000000000
A	22	GLU	-22.706623085201194	37.942520000000002	23.343235630606667	-50.400856142680951	14.479990000000001
A	88	ALA	-22.336753811672292	37.763199999999998	23.406394264511633	-42.212726043718227	7.313940000000000
A	95	HIS	-16.079979738178764	75.274199999999993	41.649518798368533	-61.255145372077152	4.407328000000000
B	89	TYR	-16.076964226440492	10.944699999999999	8.896883425451970	-18.344205700221373	1.487810000000000
B	47	GLN	-12.970461919762730	37.315500000000000	21.980598973256701	-34.494198633123077	12.436880000000000
B	19	THR	-12.838497419642067	63.814500000000002	35.016225812963540	-51.704655284408219	6.286759999999999
A	8	GLU	-9.601891860764253	39.975200000000001	22.369603618030478	-32.860974273507026	16.440709999999999
A	85	LYS	-8.373921806782466	35.236800000000002	20.773404004337298	-42.466427890060437	18.478790000000000
B	68	ALA	-6.761030042826089	5.589120000000000	4.304973832448640	-8.220074241782342	0.000000000000000
A	39	ILE	-6.474157535449892	80.459090000000003	42.013283798162057	-61.775302079247226	1.171632300000000
B	45	TYR	-2.855882776309651	33.856549999999999	17.987125730086866	-26.828562895224749	11.742350000000000
B	128	ASN	-2.704102537044967	60.322230000000005	30.668115604761848	-50.432556769329757	11.967184899999999
A	78	LEU	-2.356103555847172	53.473339999999993	27.931582022074938	-48.897772786069147	15.304876000000002
A	27	TYR	-1.117244692421054	125.380729999999986	61.423253771551984	-112.826571732335452	18.335548000000003
A	65	PRO	0.582325182221400	23.127700000000001	11.418276395094770	-15.741570181449266	7.995100000000000
B	15	THR	0.639618024715576	21.500599999999999	10.590407285652260	-14.585649657502412	10.353500000000000
A	46	VAL	0.889001437748134	56.769159999999999	28.766700500335208	-45.455456869032496	9.668399999999998
A	42	MET	4.180981086414027	86.613410000000002	42.758211667865737	-67.385135377126417	5.533079000000000
B	125	ARG	4.669154180851646	42.733580000000003	20.225356469138568	-27.608179361628608	9.550346999999999
A	20	PHE	4.844870641969923	57.046809999999994	28.464329988899230	-42.846242249661437	25.791480000000000
B	130	PRO	5.088657061486980	20.279399999999999	8.874169076347080	-11.671473844428554	1.538420000000000
A	71	ARG	6.497533186920668	52.909090000000006	24.965112958184854	-34.404005588393993	13.378575000000001
A	92	VAL	6.847876575633234	69.490019999999987	34.237439490061099	-49.094102345767439	13.961830299999999
A	4	LEU	7.189040244095011	41.486369999999994	19.438807329079687	-27.654253055078069	14.761460000000000
A	64	PHE	7.644070221449052	84.221490000000003	40.485524489877541	-59.509358007967649	13.063849299999998
B	349	PRO	7.702518950928814	1.802270000000000	0.024758824593924	-0.024930461464627	4.758990000000000
A	32	GLU	9.685940379269688	43.937950000000001	19.583549016856637	-26.030241873251637	14.403775000000000
B	102	ASP	9.939304068211207	16.116320000000002	5.912436805839426	-7.900905688896684	7.009930000000000
B	22	ASP	11.525269777790182	16.683100000000000	5.569608623018089	-6.777282840919984	8.461620000000000
B	71	THR	11.934975589878070	11.418270000000000	3.260955711128376	-4.049957189271042	5.566170000000001
A	43	LYS	12.104362940806613	38.207310000000000	18.047865563823478	-26.192440220038922	14.978569999999999
B	21	GLU	12.649659378704833	4.418440000000000	0.238671202256120	-0.245359327469072	4.173310000000000
A	16	GLU	12.716068565172634	37.816800000000001	15.888255668754972	-20.925575408924175	3.685690000000000
B	153	SER	12.895109854567446	3.681280000000000	0.107604488037427	-0.109208471304163	6.879600000000000
A	67	ASP	13.374891725647419	9.015169999999999	1.666765363744128	-1.842930459619484	6.483560000000000
A	61	LEU	13.444839908955510	64.289640000000006	29.252369040800382	-41.761950549693310	15.858410000000001
A	98	LYS	14.024140030133452	40.821590000000000	17.904962807810538	-23.977596617757911	18.847519999999999
A	75	GLU	14.795319290551642	21.950900000000001	7.410570038344100	-9.041180061200340	7.332930000000000
A	26	GLN	15.938857022912671	40.848399999999998	17.070332349391361	-23.539170158437003	12.929800000000000
A	82	ARG	16.464748447942700	7.042130000000000	0.619858859175047	-0.648853871230770	5.251970000000000
B	18	GLY	16.490491670291640	32.951039999999999	13.249006138891875	-18.382846887915960	11.486389999999998
A	48	GLN	16.699672978145692	48.650369999999995	20.806852890328916	-28.016022912452236	21.232689999999998
B	159	HIS	17.080163735312890	5.254260000000000	0.196621850289381	-0.200420348254672	6.932770000000000
B	441	GLY	17.852478403958703	9.441670000000000	1.238286765937480	-1.327368625848567	6.830250000000000
A	40	GLU	21.422926775982699	6.950880000000000	0.304823723517230	-0.311709660175874	4.032280000000000
A	52	GLU	22.536671385565548	48.451140000000002	19.451400717838474	-26.964389359903276	8.594220000000000
A	34	VAL	25.185770289415839	70.030149999999992	29.905506090116138	-42.030703583715535	17.505872000000000
A	94	LYS	25.533909745805211	21.719400000000000	5.122290516305040	-5.842025953238755	10.049899999999999
A	9	ARG	27.664046363207152	41.972899999999996	14.605864121008208	-18.410766934084577	17.013729999999999
A	35	SER	29.159728348511273	19.264640000000000	3.475388289347160	-3.832559536873123	10.906910000000000
A	51	ALA	30.335207886991217	23.199800000000000	4.939118446785640	-5.553880359566063	7.161580000000000
A	58	GLU	30.824019593805488	12.175460000000001	0.921066436304491	-0.959905969972877	8.178660000000001
A	23	ASP	31.013695535693159	41.038640000000001	13.148029214428581	-15.886605027975474	12.297650000000001
A	59	GLU	35.890931539878125	23.394720000000003	5.788914185447691	-7.152836911392551	13.691189999999999
B	443	LYS	37.589163972749944	32.352600000000002	7.710583320183661	-8.807717362621901	20.615500000000001
B	350	VAL	37.772752758458381	18.961500000000001	2.276088862404450	-2.424718016455000	11.255000000000001
B	155	ASP	40.202334322479715	20.174800000000001	2.765987424306325	-3.019120614649607	11.224660000000000
B	20	PHE	40.869185176550275	47.819999999999993	15.925760157627485	-20.254426853185397	13.699300000000001
A	33	ASN	41.846822435139416	17.729520000000001	1.848178760172002	-1.975894152540456	12.473220000000001
B	16	GLN	42.063497047871131	61.481040000000007	21.237879481421704	-26.747279433986971	9.444514000000000
A	12	LYS	43.592118594995362	37.436999999999998	11.487876044308102	-15.853960928714638	16.547550000000001
A	96	LEU	53.943165525378646	49.988489999999999	16.554350978063329	-23.903512883830427	16.385990000000000
A	36	LYS	54.399527262781469	46.788499999999999	11.297879872860539	-13.010523498142643	16.033970000000000
A	54	GLU	55.587297238409022	53.271149999999992	17.272497566270371	-23.379552072586378	27.373519999999999
A	44	ARG	58.698433839744091	23.388339999999999	1.921741908953542	-2.018947210785088	17.187060000000002
A	2	GLU	58.943661482858658	30.722200000000001	3.932981985064680	-4.208512106621786	20.108200000000000
A	31	THR	60.105022393397910	33.968179999999997	7.105790091253683	-9.542955936764381	13.885969999999999
A	99	HIS	61.482889916224316	57.992030000000000	15.007609994330048	-17.415822133733194	20.109800000000000
A	37	TRP	64.159376655989860	46.956360000000004	13.494513113527692	-18.171030484713167	28.139910000000000
B	468	SER	64.893084833196369	33.060209999999998	4.103157660377272	-4.385198978006843	24.019190000000002
A	47	GLU	67.111883658941423	30.158400000000000	2.940452430780720	-3.093856720501739	14.378600000000000
B	90	GLU	68.049881030970369	30.662360000000000	3.069409303541158	-3.245431154450745	15.033645000000000
A	3	GLU	69.417479097465957	55.890690000000006	13.312855258100928	-15.334844135784351	32.551060000000000
A	62	ARG	71.429290112039084	26.137300000000000	1.596012091433186	-1.646819608624585	10.031300000000000
B	418	SER	71.433579064968413	25.816920000000000	1.527068164130468	-1.574117681939305	20.079480000000000
B	157	GLN	73.972887546503188	33.162080000000003	3.406628017420782	-3.617386877885240	13.076200999999999
A	6	GLU	76.754916680114960	43.038999999999994	6.883394828388282	-7.649694500237636	25.817929999999997
A	30	GLU	79.381988547204713	43.085200000000000	6.005017930108403	-6.488490535303415	17.743749999999999
B	103	ALA	80.213197384100880	68.053780000000003	17.046019239100389	-20.110870787825522	19.130378000000000
B	105	LYS	94.980835270752877	70.725300000000004	15.548939970951711	-18.032010141538628	16.822659999999999
A	63	ARG	103.504833419317123	58.605879999999999	10.305430787607483	-11.696438266241126	28.372686999999999
A	55	ARG	108.289755447634633	60.888520000000000	9.103842641699712	-9.916023835664920	30.454979999999999
B	357	PHE	117.431322868007143	60.369869999999992	8.263157134459934	-9.042229760854694	31.238509999999998
B	353	ARG	152.782712296207819	69.049210000000002	7.814398152876088	-8.457275614918087	26.787849999999999
