chain	seqnum	resname	area_pseudoenergy	area	area_expected_to_persist	area_goodness	boundary
A	24	ARG	-229.529479840149	108.71829	94.4162232060206	-246.445890904486	1.298261
A	11	LEU	-226.784758869218	100.68687	90.8151025174689	-237.221917516539	0.228011
A	18	LEU	-210.645307157808	103.6689	90.1701402924061	-225.82494382215	5.252958
A	77	ILE	-204.130933388344	93.833	82.9128399397969	-216.101077841644	5.008022
A	41	PHE	-187.583606904551	80.5154	71.4994096533883	-197.662084619928	2.4412606
A	20	PHE	-184.852874846574	96.0598	82.9858351163507	-199.102758720515	7.39805
A	45	PHE	-181.539293644068	84.52302	74.8220103453469	-191.995266678903	1.487366
B	69	LEU	-177.314354412295	71.84512	65.5270291134381	-184.17454199059	0
B	101	TYR	-164.858787502441	89.37695	74.2836349559575	-183.011362892795	0
A	84	LEU	-152.566811118315	82.6063	67.8904934714913	-169.628452084559	4.632726
A	60	VAL	-148.981883067414	75.4652	65.3652199996352	-160.072292518636	1.659971
A	37	TRP	-137.898036454701	105.19014	79.1144797097707	-178.646556979813	18.43901
A	10	LEU	-135.125613752164	80.9016	62.983441650182	-159.754992200374	12.089491
A	56	ASP	-130.054587051812	63.0908	54.5688748150527	-139.62206741714	9.3367843
A	57	VAL	-129.45410744193	70.53622	60.605271034081	-140.209763308114	0.462193
A	14	ALA	-121.689084932142	53.21945	48.2280923208475	-126.941855471316	0.2815514
A	21	VAL	-115.235807321345	74.8305	60.1885749620736	-132.237510731073	0
A	53	VAL	-112.589058630267	74.84547	59.0026140766207	-133.497026570083	0.0449184
A	49	MET	-110.290358551937	81.98165	63.9843028568138	-133.54248629805	2.911125
A	74	ALA	-98.720605497761	52.6606	45.1829916266799	-106.932198498649	0
A	28	MET	-88.4301166226298	119.2109	79.2318673067946	-146.285715714932	7.715258
B	20	PHE	-88.0314282013557	65.62615	51.1775682756576	-105.895913487201	11.54112
B	98	LEU	-85.1174278872045	34.974	31.9556052189767	-88.2967191893849	0.86434
B	125	ARG	-84.8817273445416	46.82588	38.6327636257803	-95.4871803757494	9.590315
A	25	VAL	-79.2299242654897	71.3567	53.5953535500824	-99.7067184640255	3.177794
A	70	LEU	-78.0860084469571	96.85	65.0161955117106	-121.461124436011	7.173484
A	42	MET	-77.864816392898	81.06197	57.66620313436	-112.788715641449	1.024948
A	91	VAL	-75.0186225528742	54.3546	43.4105891646028	-87.2477598088805	9.373821
B	99	SER	-71.6430993780436	35.18209	29.4896977656066	-78.9069799664835	1.519023
B	45	TYR	-69.2619689138567	39.1371	33.0979895537734	-75.8920348172488	1.940934
A	50	LEU	-65.6078704486231	76.2624	53.0346200782061	-93.8377695117232	5.902195
A	17	ASN	-65.0592850471415	67.75286	48.0065329570746	-89.4648753719614	0.0299233
A	7	ALA	-63.7903455691407	44.26687	35.2657766047357	-76.4245045222677	2.873221
A	38	ASP	-63.5443773717022	53.15856	38.8517542295665	-84.2511700074976	3.931538
A	16	GLU	-61.4403352243998	53.80179	40.666201912783	-78.5920628627379	11.937063
B	14	LEU	-49.9305056733383	65.77235	42.8147001027092	-88.2460332716461	18.571602
A	22	GLU	-49.4663249720983	62.5122	35.5535711031944	-94.7845049825445	20.82263
B	127	SER	-47.8032478789893	23.32224	20.6501768772268	-50.643220629039	1.064374
A	15	GLU	-47.7730205938875	52.2796	34.5501041398153	-83.5175407439758	21.34788
A	73	ARG	-44.0763104162846	69.73648	41.2719691317385	-92.3527385970617	20.79515
B	128	ASN	-40.0854781767916	67.73046	43.1606183668113	-76.32683707942	4.72029
A	64	PHE	-39.2653179248859	85.17507	51.8604319082782	-83.2180255126207	15.659904
A	27	TYR	-35.443986209206	125.1112	70.5341918847161	-124.218286345782	7.861582
A	39	ILE	-34.1098330332366	83.72349	50.1297802149725	-78.7915491365978	1.286098
B	47	GLN	-30.4949000435461	17.3298	14.785257848382	-33.2468197736307	3.04838
B	19	THR	-26.3932880378904	64.1079	38.5079089126036	-64.106853600035	11.150903
A	46	VAL	-26.0638742569236	54.48559	32.8398580428268	-64.6731783274329	11.712663
A	13	HIS	-24.778609239692	85.8944	48.8445200371087	-75.9672187004497	15.257417
A	81	ALA	-22.2907785427745	53.3817	31.1982926789403	-54.0020950917856	1.218618
A	88	ALA	-20.3368543051509	37.6483	23.2050212961197	-39.8930328616055	7.48626
B	93	TYR	-18.232294122372	14.5334	11.3081416130424	-21.8791091113561	4.69881
B	71	THR	-17.4149549207257	16.96028	12.4699220268404	-22.6458929531664	2.623919
A	29	GLU	-16.0211101190924	63.1215	36.7777435104667	-65.8839922224396	32.02497
A	61	LEU	-15.5694404059282	58.81654	32.4677602241826	-56.1646769109695	13.46555
A	23	ASP	-14.6911911048437	42.47936	24.8504263526368	-37.5465450289279	11.49814
A	95	HIS	-14.4831087117269	77.89002	43.2133941419691	-67.1436446306102	8.589044
A	80	ARG	-12.1072897528648	70.8258	36.9515137493789	-84.3861044738513	27.80481
A	92	VAL	-10.7119796506457	70.01589	38.8718288520622	-60.3074390446681	14.746954
B	102	ASP	-10.6461547016531	19.73622	12.4559896705711	-19.7565002730189	5.659542
B	89	TYR	-9.30958311907383	14.48661	9.49236379283667	-15.4360640926334	0.0726076
A	78	LEU	-7.09635033010604	62.60621	33.0917802947388	-59.6083932374398	13.8385
A	34	VAL	-6.77223899583014	72.43831	38.1310041688114	-58.5368667918572	11.245355
B	18	GLY	-6.0198207507281	22.7664	12.8794476551056	-18.9887671928989	7.38024
B	68	ALA	-5.37216949623031	5.05261	3.75565782039165	-6.87098323680518	0
B	16	GLN	-3.51051690676378	56.2823	28.9953681560159	-42.2464982831081	5.327582
B	70	ASN	-0.927042455716231	2.41993	1.43893226017892	-2.18501224009778	0
A	43	LYS	0.252221519670933	39.37471	21.2693498822073	-33.2058674072421	15.58381
A	87	ARG	2.07924904428202	81.3941	40.2625777622283	-61.0017262265568	24.53485
B	349	PRO	3.81360093487496	1.13484	0.0380782298889756	-0.0387317249369412	4.28724
A	4	LEU	6.32899176602137	49.3518	23.8210301039487	-34.922693318879	16.32007
A	51	ALA	7.13403779349258	2.4095	0.118616646604612	-0.121635824986917	5.50261
B	325	LEU	7.2539382425602	1.91033	0.0419143701963499	-0.0423810283804391	3.63885
B	130	PRO	7.36575380893771	19.8296	8.09424643442631	-10.4020095613244	0.759225
A	71	ARG	9.31936152304349	51.30517	23.4486963201597	-33.2601583410407	14.702409
B	441	GLY	10.3965227484871	2.999	0.090797111030668	-0.0921999762747706	4.56897
A	75	GLU	11.2955370538655	13.2814	3.97555624217987	-4.72448612165308	4.16
A	65	PRO	15.3487921444261	22.7783	7.69083980924785	-9.38339268249666	9.09586
A	12	LYS	15.9993509468362	28.69179	12.6628023250311	-20.5365957202046	17.65091
A	89	GLU	16.3999816732027	3.09825	0.0072008653722005	-0.0155301077047961	6.91967
A	67	ASP	17.3755197595192	10.507	1.68751147668064	-1.83954269595702	7.4276
A	35	SER	19.5089406701002	24.23432	7.60724604367405	-9.30035947664774	14.55808
B	103	ALA	20.0932621771926	71.33492	31.1858209161937	-42.9524949625398	21.8405
B	155	ASP	20.972950490194	19.22679	5.29499310334057	-6.25868048116049	10.11269
A	40	GLU	21.3859510568624	8.42295	0.616292996017635	-0.640003464595947	4.55802
A	26	GLN	22.1343654614882	39.0991	14.1606580124855	-17.5855537723617	13.267
A	82	ARG	22.2758727612804	8.67991	0.619175389635488	-0.642369454441959	5.51843
A	59	GLU	23.1723110911863	34.15524	12.5050282964852	-17.4847335244036	13.29427
B	21	GLU	24.1547105863684	8.2319	0.420264124626629	-0.431708520244191	11.82356
A	94	LYS	24.2414144609777	8.86372	0.540199023588151	-0.557361185787405	11.8881
B	159	HIS	27.7673980978444	7.77531	0.214009511938654	-0.217045151257686	8.59883
A	8	GLU	29.1683334376923	26.6034	6.69542633523941	-7.73629374866189	11.10527
A	19	GLN	29.2265191856312	16.8579	2.53062513573021	-2.74201052874118	8.26904
B	22	ASP	31.3125066714776	11.5206	0.713378322543204	-0.736421552842199	12.4666
A	2	GLU	31.9452121506662	30.879	8.09669183823466	-9.39005885291886	20.2173
B	468	SER	31.9452121506662	30.879	8.09669183823466	-9.39005885291886	20.2173
A	30	GLU	33.0740000500259	37.0315	10.9083344750792	-13.0301874420575	18.24539
A	52	GLU	35.1584614960456	53.29095	19.1043922914959	-24.8197884218055	15.65779
B	90	GLU	36.5511397542047	44.2427	14.1343830134392	-18.2024415019089	17.38722
B	15	THR	37.8130760775181	30.88285	7.42263060293868	-8.64391072028841	17.9239
B	105	LYS	38.1836465071759	68.4281	26.326772764805	-35.9367730358788	19.82408
A	96	LEU	44.2928071667863	55.05826	20.1843441861297	-29.1641942350666	17.16099
A	36	LYS	44.9045785540859	49.6155	14.2936560874581	-16.8629140902702	16.52204
A	85	LYS	45.0931639481083	46.68432	20.4375589151509	-40.493993274628	27.15892
B	350	VAL	45.3190882319055	21.7671	2.41307324511409	-2.55761589334804	14.5234
A	9	ARG	46.9375529923256	24.3317	3.63428621603847	-4.05152956698394	16.65727
A	32	GLU	50.2153790677707	32.25468	5.65585796535551	-6.22930620079622	11.820556
A	99	HIS	54.0177493582232	58.9697	16.9020430926695	-19.959872000682	20.55879
A	33	ASN	55.1295764266087	23.33212	2.51197797706809	-2.6898123961409	16.66592
A	58	GLU	55.1877253699929	25.0298	2.61191462831795	-2.77718243436244	13.86217
A	98	LYS	55.6140687392187	30.73218	5.03415818632152	-5.56041432395923	16.74673
A	54	GLU	58.394190777937	55.81691	17.8451974361195	-24.653086830485	19.252913
B	418	SER	61.4621049174166	29.9208	3.76006587486267	-4.07842342582717	19.8126
A	48	GLN	64.9140861163856	58.49791	17.1653509540468	-21.5667423902466	31.47472
A	6	GLU	67.2123728697848	44.277	8.44641201939806	-9.44244524229749	22.33308
A	3	GLU	68.6978083827885	60.23935	17.0720751108461	-22.6235758908785	35.07587
B	157	GLN	72.9156921819528	34.26972	3.74259489914842	-3.97716266500205	11.507267
A	31	THR	73.6129332191111	37.79922	6.66458932459336	-8.32208000323078	15.996718
B	388	GLU	79.9474378318541	26.7497	1.28232573448308	-1.31408077563501	18.5881
B	357	PHE	86.5859882696712	44.75398	6.14438621510595	-6.69624389534064	29.89019
A	44	ARG	96.1275669534676	54.00075	8.41003298776351	-9.28832932643406	32.82527
A	47	GLU	98.3940990730866	37.19578	4.74554632123505	-5.24520338317756	30.06897
A	62	ARG	104.321425544947	34.34912	1.57786811580308	-1.61552347928603	26.40142
A	55	ARG	121.718822147511	61.0022	7.54031881048977	-8.08219621938825	30.76562
B	353	ARG	139.780212512602	71.38352	9.73169607576042	-10.6053480759875	32.56722
B	443	LYS	144.016271627899	56.3461	5.45317888478115	-5.84356047303589	38.5376
A	63	ARG	161.953721945377	73.87582	11.3648352758288	-13.163348665001	44.25434
