ID                                     area_pseudoenergy  area_total  area_expected_to_persist  area_goodness_pseudoenergy  best_core_pseudoenergy  best_core_area
design1_rebuilt_mutated_A_27_ALA.pdb   -12428.673593631   9366.84161  6769.26216817623          -16476.5971091361           -12881.3322505135       9062.01142
design1_rebuilt_mutated_A_161_ALA.pdb  -11973.3768964616  9302.81903  6653.54780199028          -16148.7200619208           -12373.6017358281       9010.22865
design1_rebuilt_mutated_A_97_ALA.pdb   -11952.3787533554  9293.56074  6634.24809329654          -16182.685101227            -12427.4519319244       8885.45436
design1_rebuilt_mutated_A_1_ALA.pdb    -11928.6483720407  9334.99212  6659.72882635264          -16157.0512949532           -12381.6599192876       9030.16193
design1_rebuilt_mutated_A_105_ALA.pdb  -11880.0654512642  9333.27822  6645.64248786798          -16168.8803947822           -12332.2713458371       9028.44803
design1_rebuilt_mutated_A_99_ALA.pdb   -11873.884650031   9311.99341  6635.91691948252          -16128.0322037327           -12336.0924823896       8995.31968
design1_rebuilt_mutated_A_25_ALA.pdb   -11845.6714070962  9348.17079  6649.1286183319           -16144.4101469093           -12298.5986475256       9043.3406
design1_rebuilt_mutated_A_30_ALA.pdb   -11840.0806919921  9337.57723  6646.22718426397          -16127.6448945959           -12306.145156867        9026.36471
design1_rebuilt_mutated_A_2_ALA.pdb    -11830.9144613829  9353.57625  6639.91090377478          -16180.3087262567           -12287.4640688982       9049.23041
design1_rebuilt_mutated_A_134_ALA.pdb  -11821.025055558   9349.50172  6646.56318893897          -16128.153672123            -12273.1145229881       9044.61393
design1_rebuilt_mutated_A_64_ALA.pdb   -11814.957662467   9349.44412  6644.92114138407          -16127.0884746981           -12267.2612681102       9044.61393
design1_rebuilt.pdb                    -11813.9717984396  9349.44412  6645.08861973754          -16126.1229700424           -12266.899038869        9044.61393
design1_rebuilt_mutated_A_54_ALA.pdb   -11810.1407880716  9346.75804  6640.65723499475          -16125.680531442            -12264.6962096715       9041.92785
design1_rebuilt_mutated_A_162_ALA.pdb  -11804.5501849374  9349.17934  6642.89977552689          -16119.7500878294           -12258.692375177        9044.31063
design1_rebuilt_mutated_A_26_ALA.pdb   -11795.3699832933  9355.26036  6646.97567852202          -16132.0415546777           -12248.2972237227       9050.43017
design1_rebuilt_mutated_A_55_ALA.pdb   -11790.0110277192  9358.9694   6647.53114330806          -16107.9811891255           -12239.853202383        9045.31551
design1_rebuilt_mutated_A_100_ALA.pdb  -11787.2286493087  9331.02592  6633.92941194438          -16086.6978976419           -12248.645980481        9015.70393
design1_rebuilt_mutated_A_53_ALA.pdb   -11783.8340653691  9348.27507  6641.64766847766          -16100.0009908967           -12237.2345956875       9043.44488
design1_rebuilt_mutated_A_183_ALA.pdb  -11779.9102159648  9333.39048  6631.80588640448          -16085.9187699078           -12233.7310275899       9004.38049
design1_rebuilt_mutated_A_28_ALA.pdb   -11770.2742883953  9349.27751  6635.34351131117          -16104.4502319583           -12231.5289489118       9037.98169
design1_rebuilt_mutated_A_3_ALA.pdb    -11763.3143547876  9349.44275  6636.42248730874          -16100.4404666875           -12216.241595217        9044.61256
design1_rebuilt_mutated_A_184_ALA.pdb  -11758.1820245412  9321.11024  6626.60193245966          -16058.5992953186           -12211.4282393752       9016.28005
design1_rebuilt_mutated_A_227_ALA.pdb  -11747.5386617853  9330.29652  6627.00300364804          -16057.2444234282           -12208.5645986722       9023.85854
design1_rebuilt_mutated_A_226_ALA.pdb  -11726.4860882587  9322.81525  6615.89932299233          -16041.169532753            -12175.722903047        9020.94284
design1_rebuilt_mutated_A_31_ALA.pdb   -11712.0048157394  9328.7096   6612.9052501378           -16058.5621580334           -12164.234356909        9022.84127
design1_rebuilt_mutated_A_108_ALA.pdb  -11699.4960495077  9301.12774  6602.76162192843          -16030.1042256586           -12166.5682723372       8976.84677
design1_rebuilt_mutated_A_58_ALA.pdb   -11694.5346307754  9335.24017  6622.1862006932           -16014.8639140083           -12062.0043874771       8704.11962
design1_rebuilt_mutated_A_56_ALA.pdb   -11677.6863518227  9331.58669  6617.12255759898          -16002.7241411523           -12122.8128596657       8932.79529
design1_rebuilt_mutated_A_103_ALA.pdb  -11666.927300507   9336.67085  6619.5116426583           -16002.7403825928           -12119.3027367055       9031.84066
design1_rebuilt_mutated_A_225_ALA.pdb  -11607.1148403432  9340.24626  6606.66345643635          -15968.4169881189           -12062.8577553058       9035.41607
design1_rebuilt_mutated_A_57_ALA.pdb   -11593.0642512765  9344.99742  6616.95230638984          -15936.673986556            -12046.9264053423       9040.16723
design1_rebuilt_mutated_A_230_ALA.pdb  -11583.9248437981  9348.9501   6619.17126052564          -15927.9955836133           -12037.7380940526       9044.11991
design1_rebuilt_mutated_A_229_ALA.pdb  -11558.4407132085  9334.73071  6601.24270921602          -15924.3964698051           -12013.8899786279       9013.28973
design1_rebuilt_mutated_A_59_ALA.pdb   -11508.1798950943  9315.9824   6591.31497534953          -15848.5573742495           -11962.7337183474       9011.15221
design1_rebuilt_mutated_A_101_ALA.pdb  -11491.5656314988  9298.3507   6559.28616386217          -15925.1497970087           -11971.9111711204       8984.70369
design1_rebuilt_mutated_A_166_ALA.pdb  -11490.1542881614  9333.05374  6578.89364362733          -15890.9378501415           -11947.9525006002       9016.71456
design1_rebuilt_mutated_A_32_ALA.pdb   -11431.2578618991  9295.83712  6555.58848866341          -15874.3025632208           -11919.4219908873       8982.3202
design1_rebuilt_mutated_A_102_ALA.pdb  -11422.7372933415  9282.62771  6545.88967486254          -15833.3980565135           -11901.6903475205       8968.9807
design1_rebuilt_mutated_A_104_ALA.pdb  -10972.4257868872  9294.57855  6501.87545927125          -15418.856156153            -11426.8991750007       8989.74836
design1_rebuilt_mutated_A_228_ALA.pdb  -10961.2689595211  9308.05921  6486.7436677927           -15531.2641456013           -11519.5460810572       8668.93192
design1_rebuilt_mutated_A_52_ALA.pdb   -10851.4552600553  9300.08444  6487.12728055868          -15325.612297555            -11306.3558160386       8990.03628
design2_rebuilt_mutated_A_123_ALA.pdb  -9295.33286534482  7333.90293  5171.88075382951          -12821.2777368035           -9935.74912911855       6361.90467
design2_rebuilt_mutated_A_80_ALA.pdb   -9102.4340941743   7343.04883  5150.31721662441          -12746.2058947624           -9825.9076364242        6451.27136
design2_rebuilt_mutated_A_129_ALA.pdb  -9095.25691358533  7354.15856  5153.18567829867          -12738.3061929794           -9781.94211549623       6408.83926
design2_rebuilt_mutated_A_48_ALA.pdb   -9071.47450288876  7351.1883   5154.37426017224          -12708.3945741506           -9794.07427610914       6392.79606
design2_rebuilt.pdb                    -9067.31718589444  7375.05497  5161.35904309455          -12742.4887272501           -9778.55886269862       6420.20767
design2_rebuilt_mutated_A_46_ALA.pdb   -9051.55389809462  7323.57359  5137.39135981612          -12661.2726730955           -9742.35684446934       6398.47286
design2_rebuilt_mutated_A_79_ALA.pdb   -9046.43534896215  7371.89127  5154.67388316919          -12731.0298987113           -9766.97988685046       6414.14617
design2_rebuilt_mutated_A_62_ALA.pdb   -9038.28832138915  7370.21834  5155.37971223292          -12716.0860224668           -9749.83857909256       6415.37104
design2_rebuilt_mutated_A_104_ALA.pdb  -9037.21324967054  7370.46686  5155.56958649244          -12703.9315583339           -9743.03114124102       6416.91273
design2_rebuilt_mutated_A_9_ALA.pdb    -9034.45937785707  7366.20841  5153.29718460057          -12708.746986326            -9743.09270775326       6418.43945
design2_rebuilt_mutated_A_164_ALA.pdb  -9012.55678639878  7367.51227  5146.36968365972          -12710.7289495541           -9746.26291478453       6433.98647
design2_rebuilt_mutated_A_132_ALA.pdb  -8998.59347717769  7372.41373  5148.33752812566          -12690.4371882174           -9705.73796280233       6420.20767
design2_rebuilt_mutated_A_64_ALA.pdb   -8992.36369882355  7363.45525  5142.6565704253           -12687.2944453199           -9686.13747257307       6407.96752
design2_rebuilt_mutated_A_35_ALA.pdb   -8983.15703511432  7360.23083  5143.12758445941          -12658.7127479783           -9665.8874935389        6421.16369
design2_rebuilt_mutated_A_76_ALA.pdb   -8982.18418853871  7355.35972  5139.24902408209          -12665.0779989481           -9697.91250036082       6393.06784
design2_rebuilt_mutated_A_77_ALA.pdb   -8981.74837004484  7332.98156  5131.13323249877          -12635.1277077236           -9700.61114871225       6369.87506
design2_rebuilt_mutated_A_127_ALA.pdb  -8975.14144481132  7359.3935   5137.57224462746          -12677.1111887865           -9724.91231656416       6386.87236
design2_rebuilt_mutated_A_45_ALA.pdb   -8967.92292236459  7325.90149  5120.56481505738          -12620.8849486321           -9653.89985169963       6427.65924
design2_rebuilt_mutated_A_136_ALA.pdb  -8965.1317275884   7360.48731  5138.44765307607          -12644.2461346117           -9730.43997697903       6344.80007
design2_rebuilt_mutated_A_163_ALA.pdb  -8962.31666984426  7362.85492  5133.50723239935          -12676.682331459            -9715.58071750384       6404.23727
design2_rebuilt_mutated_A_63_ALA.pdb   -8953.33036109203  7301.00561  5108.88789167147          -12599.2256983065           -9749.2122737665        6108.23919
design2_rebuilt_mutated_A_73_ALA.pdb   -8912.90075548193  7344.64995  5119.35606540201          -12618.2557958211           -9633.68940827417       6379.53255
design2_rebuilt_mutated_A_75_ALA.pdb   -8912.06441621442  7365.01779  5135.5420667395           -12614.218696065            -9625.2677899341        6410.17049
design2_rebuilt_mutated_A_84_ALA.pdb   -8898.75640789878  7347.89331  5125.7145320501           -12593.5213134983           -9629.22146562794       6398.62347
design2_rebuilt_mutated_A_102_ALA.pdb  -8882.57086516052  7361.98932  5134.19016170719          -12584.4216666391           -9621.22895918846       6394.68655
design2_rebuilt_mutated_A_60_ALA.pdb   -8872.64417138147  7317.02748  5107.42881315017          -12544.5296877898           -9588.60153068675       6352.21632
design2_rebuilt_mutated_A_100_ALA.pdb  -8870.14315751683  7352.83228  5119.51106759518          -12594.5301182215           -9572.09864271752       6403.44384
design2_rebuilt_mutated_A_50_ALA.pdb   -8857.80863297876  7334.31373  5111.35790183768          -12552.9620809186           -9583.94598590792       6379.46643
design2_rebuilt_mutated_A_31_ALA.pdb   -8853.77101923635  7335.60802  5112.97209158801          -12543.6534345868           -9575.80742895798       6370.75863
design2_rebuilt_mutated_A_78_ALA.pdb   -8840.39661996434  7352.65181  5114.74415816271          -12566.268528695            -9576.14111423118       6404.07624
design2_rebuilt_mutated_A_134_ALA.pdb  -8832.66821956164  7327.66538  5105.3336258306           -12529.9093626753           -9551.65509426334       6388.01625
design2_rebuilt_mutated_A_86_ALA.pdb   -8819.09996487941  7353.19894  5120.10908907443          -12529.4822726389           -9528.94575154043       6395.30384
design2_rebuilt_mutated_A_126_ALA.pdb  -8810.57024220382  7343.72313  5109.12601889501          -12516.4885296399           -9522.62589997946       6388.87583
design2_rebuilt_mutated_A_125_ALA.pdb  -8766.89744363132  7366.26279  5115.97377980159          -12503.2263800071           -9504.04685718783       6393.36255
design2_rebuilt_mutated_A_88_ALA.pdb   -8749.79132575362  7369.15613  5122.49648629769          -12476.8515897551           -9471.42412435254       6414.30883
design2_rebuilt_mutated_A_71_ALA.pdb   -8621.39104518404  7346.63249  5078.40393046624          -12436.92952104             -9361.73051669414       6394.29759
design2_rebuilt_mutated_A_44_ALA.pdb   -8570.7347323901   7365.81019  5081.26238943062          -12360.4662219092           -9333.9998650995        6405.93804
design2_rebuilt_mutated_A_89_ALA.pdb   -8559.97051749689  7361.32994  5107.38892067361          -12289.4965465764           -9271.30845241837       6406.48264
design2_rebuilt_mutated_A_70_ALA.pdb   -8535.08674968001  7284.00125  5049.20091976538          -12265.2630191869           -9280.29871225672       6313.74867
design2_rebuilt_mutated_A_101_ALA.pdb  -8528.10576100094  7352.61505  5084.7271815986           -12285.4189675966           -9245.33061151508       6396.01861
design2_rebuilt_mutated_A_90_ALA.pdb   -8514.5199510908   7318.91399  5062.09080451182          -12306.3395043329           -9236.46242897005       6387.1538
design2_rebuilt_mutated_A_33_ALA.pdb   -8405.7852836395   7343.32798  5053.83729374596          -12248.0530743586           -9157.71754334419       6360.42967
design2_rebuilt_mutated_A_52_ALA.pdb   -8388.64149287573  7335.28665  5035.44977303245          -12298.2600922561           -9142.28976939979       6369.26158
design2_rebuilt_mutated_A_74_ALA.pdb   -8087.6603194159   7289.43027  4975.63001623208          -11989.4895174481           -8871.00260463464       6331.09233
design2_rebuilt_mutated_A_72_ALA.pdb   -7910.74126956423  7309.41343  4965.13420243635          -11931.8829618966           -8710.17491570615       6352.24909
design3_rebuilt_mutated_A_59_ALA.pdb   -469.45452225986   2952.66856  1576.76980418766          -2912.47798241115           -1428.73388006202       1597.62333
design3_rebuilt_mutated_A_63_ALA.pdb   -382.341862803498  2949.71914  1555.28259277879          -2858.65023181107           -1484.85616041115       1652.04938
design3_rebuilt_mutated_A_37_ALA.pdb   -359.123558797437  2962.11831  1556.68952768701          -2879.76622417882           -1425.4457506875        1609.65639
design3_rebuilt_mutated_A_6_ALA.pdb    -355.148556236244  2928.0696   1543.01284633216          -2856.10194374205           -1415.82525660835       1608.47215
design3_rebuilt_mutated_A_16_ALA.pdb   -348.089551415472  2971.99199  1566.40188717784          -2897.21733907567           -1475.12606656977       1688.8925
design3_rebuilt_mutated_A_42_ALA.pdb   -341.781454542308  2999.74863  1573.72131805706          -2902.38152233174           -1436.39224554287       1624.7887
design3_rebuilt_mutated_A_24_ALA.pdb   -341.28766959277   2944.89317  1551.93093970383          -2876.14202488292           -1426.90119617947       1622.74745
design3_rebuilt_mutated_A_3_ALA.pdb    -323.643020327811  2974.86079  1562.45915144748          -2881.2924584176            -1446.02372771198       1627.09547
design3_rebuilt_mutated_A_55_ALA.pdb   -315.637251394073  2923.35445  1535.25327391451          -2846.47160219047           -1412.07306915432       1608.50955
design3_rebuilt_mutated_A_2_ALA.pdb    -291.246312851523  2946.20291  1544.81155805921          -2863.18690752045           -1429.08336964153       1625.83675
design3_rebuilt_mutated_A_20_ALA.pdb   -285.419844623147  2926.60342  1531.69528606495          -2837.74281903887           -1371.9237498941        1595.62185
design3_rebuilt_mutated_A_62_ALA.pdb   -285.167318330383  2939.69967  1535.65604210546          -2848.52810604206           -1404.75539003547       1608.50955
design3_rebuilt_mutated_A_30_ALA.pdb   -284.035944335912  2939.28051  1536.65969323838          -2837.05124282624           -1389.22129659551       1600.99727
design3_rebuilt_mutated_A_44_ALA.pdb   -261.461603890661  2938.32351  1532.46223485111          -2822.60078819349           -1382.38975671175       1603.12679
design3_rebuilt_mutated_A_47_ALA.pdb   -246.985424850381  2950.92843  1535.32224887994          -2841.61443730828           -1394.09203418735       1608.50955
design3_rebuilt_mutated_A_33_ALA.pdb   -236.965464828852  2955.19424  1535.29875344158          -2839.27706320744           -1396.86182161528       1608.50955
design3_rebuilt_mutated_A_52_ALA.pdb   -236.800141183611  2956.87193  1535.89506028521          -2810.28314369364           -1269.71755518677       1552.19841
design3_rebuilt.pdb                    -233.510762067375  2956.76683  1536.07697973271          -2840.81436556844           -1397.7269088269        1608.50955
design3_rebuilt_mutated_A_27_ALA.pdb   -231.080946281059  2913.75348  1509.48142731241          -2785.66743803782           -1362.236714547         1550.83121
design3_rebuilt_mutated_A_49_ALA.pdb   -222.728056416636  2942.19473  1527.64234752948          -2834.86779687244           -1409.03958395586       1536.03297
design3_rebuilt_mutated_A_35_ALA.pdb   -212.754318413982  2956.74933  1531.91530425486          -2834.17794330219           -1391.31742851642       1608.53725
design3_rebuilt_mutated_A_28_ALA.pdb   -211.873561320103  2947.68763  1525.26371014397          -2826.22660363976           -1373.471914535         1637.27729
design3_rebuilt_mutated_A_58_ALA.pdb   -207.958439860272  2964.05     1536.61884419835          -2830.79547246487           -1393.24511902938       1608.67695
design3_rebuilt_mutated_A_26_ALA.pdb   -206.541263512947  2948.38803  1525.78579779097          -2813.56102020078           -1388.96872573819       1608.49362
design3_rebuilt_mutated_A_31_ALA.pdb   -206.389276710312  2947.78696  1525.18363686669          -2814.21177944344           -1360.94084201196       1611.95555
design3_rebuilt_mutated_A_12_ALA.pdb   -204.976924175505  2928.3351   1518.59667352028          -2784.26630014658           -1295.74334593332       1996.02596
design3_rebuilt_mutated_A_48_ALA.pdb   -202.07068746159   2955.91205  1526.93968632239          -2812.13112075331           -1364.41421889045       1613.96408
design3_rebuilt_mutated_A_9_ALA.pdb    -200.712947373293  2919.10702  1514.36272268306          -2777.30373845962           -1367.56277154946       1560.33635
design3_rebuilt_mutated_A_45_ALA.pdb   -190.532780553656  2940.8921   1522.47776109137          -2779.91468625406           -1284.83956847794       1634.65657
design3_rebuilt_mutated_A_13_ALA.pdb   -159.67353358438   2954.79578  1516.38814088418          -2775.73757541571           -1343.30029778395       1534.55869
design3_rebuilt_mutated_A_23_ALA.pdb   -141.363968607377  2940.87103  1512.47098710172          -2769.28599782349           -1337.24468198562       1609.69243
design3_rebuilt_mutated_A_34_ALA.pdb   -132.943256061597  2942.97441  1508.76738113928          -2781.67501080568           -1333.40889974424       1593.85882
design3_rebuilt_mutated_A_38_ALA.pdb   -124.373015983692  2937.01399  1506.33630246065          -2754.87749502398           -1311.98189974473       1581.48272
design3_rebuilt_mutated_A_17_ALA.pdb   -122.686776097371  3003.09818  1532.76604464831          -2799.03268546377           -1311.87476050084       1574.76838
design3_rebuilt_mutated_A_41_ALA.pdb   70.9242595068861   2927.3044   1462.08760091192          -2591.11725666995           -1036.38071633182       1520.16607
