ID                                     area_pseudoenergy   area_total  area_expected_to_persist  area_goodness_pseudoenergy  best_core_pseudoenergy  best_core_area
design1_rebuilt_mutated_A_27_ALA.pdb   -530.230388461609   1246.69048  720.902107848372          -1459.00795563581           -816.691232803362       859.1695
design1_rebuilt_mutated_A_161_ALA.pdb  -507.041941537852   1213.8325   696.878971377155          -1417.11865395738           -730.258345085663       826.33631
design1_rebuilt_mutated_A_1_ALA.pdb    -507.034571696315   1228.66688  705.177918717528          -1428.38536422851           -726.126711091556       869.068
design1_rebuilt_mutated_A_108_ALA.pdb  -464.091076715054   1231.12016  698.753597688492          -1419.29298795229           -743.031125996337       840.53092
design1_rebuilt_mutated_A_30_ALA.pdb   -458.71694650421    1239.84421  703.51827320879           -1430.54301473456           -747.877296066251       854.8798
design1_rebuilt_mutated_A_99_ALA.pdb   -450.506757327766   1234.3611   697.673955193577          -1417.90669315356           -726.328113396105       855.5979
design1_rebuilt_mutated_A_183_ALA.pdb  -444.508328597596   1238.95969  697.48438111021           -1431.07345743431           -731.905122914931       846.90911
design1_rebuilt_mutated_A_105_ALA.pdb  -435.596204894902   1238.23529  696.821821553126          -1421.79909928631           -713.897317042859       846.57961
design1_rebuilt_mutated_A_55_ALA.pdb   -429.219678413915   1248.52001  700.787882187316          -1420.76228364638           -720.775700623432       852.17533
design2_rebuilt_mutated_A_123_ALA.pdb  -426.553970415734   1341.51048  750.14798030568           -1459.92751668561           -897.101926762185       694.92706
design1_rebuilt_mutated_A_134_ALA.pdb  -422.876620229893   1243.17648  696.896448382084          -1415.51843765267           -717.3418647302         855.5979
design1_rebuilt_mutated_A_64_ALA.pdb   -420.463307704095   1243.11888  696.408412452702          -1414.65218547208           -716.134295882605       855.5979
design1_rebuilt.pdb                    -420.463307704095   1243.11888  696.408412452702          -1414.65218547208           -716.134295882605       855.5979
design1_rebuilt_mutated_A_162_ALA.pdb  -419.37972698113    1243.1574   696.166406288555          -1414.31268621684           -716.192866537214       855.5979
design1_rebuilt_mutated_A_25_ALA.pdb   -419.067793790834   1243.11888  696.157204116518          -1414.25970414116           -715.234012944905       855.5979
design1_rebuilt_mutated_A_54_ALA.pdb   -418.736016620573   1236.7366   691.550649745402          -1411.15612633951           -718.5205270359         821.82883
design1_rebuilt_mutated_A_226_ALA.pdb  -414.077518243061   1234.46713  690.973331120653          -1396.76266122324           -702.363069637505       833.4254
design1_rebuilt_mutated_A_26_ALA.pdb   -410.713896220948   1245.35252  697.75696974217           -1417.0768232474            -702.164294551847       850.60004
design1_rebuilt_mutated_A_227_ALA.pdb  -409.018882739601   1235.48678  692.168087758971          -1394.02372174167           -722.884230816124       840.66423
design1_rebuilt_mutated_A_57_ALA.pdb   -408.736097664504   1243.11888  695.116960153436          -1405.21523941028           -705.114799332035       855.5979
design1_rebuilt_mutated_A_229_ALA.pdb  -404.176318771261   1243.11888  694.189359951898          -1400.997330296             -700.918062229719       855.5979
design1_rebuilt_mutated_A_53_ALA.pdb   -404.035193641109   1246.14519  696.928617719788          -1402.05121863639           -702.428854284672       860.06681
design1_rebuilt_mutated_A_100_ALA.pdb  -401.07462568501    1241.07774  691.601087226626          -1402.30236100584           -704.102462492156       856.75876
design1_rebuilt_mutated_A_97_ALA.pdb   -400.811077348081   1239.93486  689.571103604347          -1403.6597235428            -761.995962352253       817.4751
design1_rebuilt_mutated_A_28_ALA.pdb   -399.716477653333   1243.39713  691.705368594987          -1406.45893116249           -709.847796718733       857.02257
design1_rebuilt_mutated_A_3_ALA.pdb    -399.130332003231   1243.11888  692.715222469543          -1409.11648527886           -703.69515289612        855.5979
design1_rebuilt_mutated_A_59_ALA.pdb   -398.127906761384   1243.11888  693.34698180948           -1396.62627690583           -697.908059363851       855.5979
design1_rebuilt_mutated_A_58_ALA.pdb   -387.622895321083   1233.17678  686.464863236683          -1376.42394133555           -665.526718310101       844.93363
design1_rebuilt_mutated_A_184_ALA.pdb  -385.0501394984     1230.61058  683.760086032664          -1391.00386662477           -711.256040696552       839.97164
design1_rebuilt_mutated_A_230_ALA.pdb  -368.120914197271   1245.50249  690.486651141893          -1373.54705855807           -673.776824532891       857.98151
design1_rebuilt_mutated_A_225_ALA.pdb  -365.895159159641   1245.86645  690.025319242587          -1375.92307848013           -667.405011367461       858.34547
design1_rebuilt_mutated_A_166_ALA.pdb  -365.857789792651   1237.28044  684.548156693931          -1370.09787627834           -668.979230246312       846.82581
design2_rebuilt_mutated_A_45_ALA.pdb   -364.520090261269   1358.40031  749.783575913155          -1451.40087079433           -886.579381879761       688.60385
design2_rebuilt_mutated_A_46_ALA.pdb   -362.91741255095    1346.80746  744.011746899111          -1446.27248321171           -886.709475367052       772.25294
design1_rebuilt_mutated_A_31_ALA.pdb   -362.367677805729   1222.84426  673.652654796982          -1372.52610687017           -669.460589779053       833.10178
design2_rebuilt_mutated_A_48_ALA.pdb   -343.747626797578   1357.6235   746.501270694336          -1445.1944088959            -895.247827795904       682.20866
design1_rebuilt_mutated_A_103_ALA.pdb  -340.641541357861   1234.85623  681.033316400612          -1347.22276011592           -645.161812233909       849.26945
design2_rebuilt_mutated_A_129_ALA.pdb  -333.926078832466   1373.90482  752.670289099512          -1451.41041644096           -873.386799043085       669.73525
design2_rebuilt_mutated_A_77_ALA.pdb   -329.156359881695   1376.26056  753.137232431852          -1456.64930207776           -885.539474863157       688.60465
design2_rebuilt_mutated_A_104_ALA.pdb  -320.762423650974   1379.6623   752.383785095923          -1448.89146054938           -879.784651102152       688.60026
design2_rebuilt_mutated_A_132_ALA.pdb  -320.351483283323   1378.33342  751.586954338418          -1449.66456260784           -882.419349094506       688.60385
design2_rebuilt_mutated_A_35_ALA.pdb   -319.648101667526   1377.4909   751.153661613126          -1454.21720726626           -895.600696075795       690.43707
design2_rebuilt_mutated_A_80_ALA.pdb   -318.931494262805   1354.82203  740.444131914321          -1437.63406094033           -884.645556239673       688.73105
design2_rebuilt_mutated_A_62_ALA.pdb   -315.711103711118   1380.97466  752.605009985247          -1454.81147248613           -886.799905594476       688.60385
design2_rebuilt.pdb                    -314.331136438616   1380.97466  752.282551315263          -1454.08564665295           -886.62528458384        688.60385
design2_rebuilt_mutated_A_9_ALA.pdb    -313.912910133993   1377.09122  750.222783144934          -1451.76029198843           -866.541917445389       676.08655
design1_rebuilt_mutated_A_32_ALA.pdb   -311.522297970559   1234.95958  672.214633847099          -1358.694626687             -673.049793484015       819.48901
design2_rebuilt_mutated_A_126_ALA.pdb  -309.330646265384   1380.97466  752.014201783624          -1449.12195384373           -881.514356513031       688.60385
design1_rebuilt_mutated_A_56_ALA.pdb   -308.227903680557   1225.011    669.445243220863          -1314.98124337173           -622.802687040452       497.5071
design2_rebuilt_mutated_A_44_ALA.pdb   -305.634168070618   1380.97466  750.292556076358          -1449.52485744894           -884.033008608528       688.60385
design1_rebuilt_mutated_A_2_ALA.pdb    -301.116672736022   1254.95674  678.111164408805          -1380.96479282516           -655.602218635422       441.15145
design2_rebuilt_mutated_A_89_ALA.pdb   -296.986985544341   1380.97466  749.565343256085          -1441.01410571683           -869.961750082615       688.60385
design2_rebuilt_mutated_A_79_ALA.pdb   -294.234690491559   1377.81096  745.883061614301          -1443.35421924565           -884.93862380243        688.60385
design2_rebuilt_mutated_A_84_ALA.pdb   -292.488978216918   1373.6526   744.699367115021          -1441.20224455324           -879.386465254633       678.42445
design2_rebuilt_mutated_A_31_ALA.pdb   -291.186370438941   1372.52713  743.189697939843          -1433.77447796727           -858.775813400637       693.61062
design2_rebuilt_mutated_A_101_ALA.pdb  -290.437111541183   1380.97466  749.40728690203           -1433.17539007687           -861.81301098921        688.60385
design2_rebuilt_mutated_A_164_ALA.pdb  -290.290092584753   1376.64276  745.02247669898           -1443.6560474023            -886.62528458384        688.60385
design2_rebuilt_mutated_A_163_ALA.pdb  -287.140503191752   1380.46272  746.28174402583           -1444.47800150845           -885.614006644219       688.60385
design2_rebuilt_mutated_A_75_ALA.pdb   -282.51003000316    1380.97466  745.593979329846          -1432.85847161023           -856.993200616046       688.60385
design2_rebuilt_mutated_A_76_ALA.pdb   -277.852999980176   1365.62696  736.937294057326          -1422.71819299072           -822.66108966464        638.41464
design2_rebuilt_mutated_A_63_ALA.pdb   -276.0621072462     1352.77759  729.714099474795          -1410.2964077844            -881.844271496332       686.65515
design2_rebuilt_mutated_A_60_ALA.pdb   -270.423034511894   1359.39019  733.164162334572          -1413.02992173158           -847.767253762732       674.32532
design2_rebuilt_mutated_A_136_ALA.pdb  -260.354391765738   1374.24129  741.499533161808          -1413.44037920552           -855.194967529051       687.37551
design2_rebuilt_mutated_A_50_ALA.pdb   -254.991114295072   1356.54187  726.897426384699          -1397.92845458973           -800.186434712305       657.04375
design2_rebuilt_mutated_A_64_ALA.pdb   -253.278202234199   1389.15355  744.724591746623          -1432.00500911785           -864.653326506913       686.91962
design2_rebuilt_mutated_A_102_ALA.pdb  -247.700847057355   1378.05249  740.759529549955          -1407.62811879544           -825.873346415926       665.64549
design2_rebuilt_mutated_A_127_ALA.pdb  -240.776861270708   1376.32418  738.115129657228          -1405.29233637934           -826.532672918489       673.76726
design2_rebuilt_mutated_A_78_ALA.pdb   -238.07335404085    1376.28044  733.053159102251          -1410.38604438341           -850.138132569419       670.60785
design2_rebuilt_mutated_A_73_ALA.pdb   -213.698784496352   1375.33563  729.979582964551          -1393.80247584394           -867.801548791854       674.77792
design2_rebuilt_mutated_A_134_ALA.pdb  -213.007125705512   1344.88143  718.168789432432          -1357.03592234063           -776.977254734378       779.79958
design2_rebuilt_mutated_A_125_ALA.pdb  -211.817430518684   1379.1592   736.089862260027          -1380.99272594056           -802.923620627259       690.70844
design1_rebuilt_mutated_A_101_ALA.pdb  -208.010543906361   1225.19964  646.331917208293          -1312.16156389947           -595.148768109014       773.16929
design2_rebuilt_mutated_A_100_ALA.pdb  -200.932064198653   1366.54855  726.275761094842          -1372.08821728303           -777.729332315339       686.43805
design2_rebuilt_mutated_A_86_ALA.pdb   -196.678347067508   1371.72114  729.508873669474          -1363.64131726512           -777.83434927788        668.52876
design2_rebuilt_mutated_A_70_ALA.pdb   -193.526856610833   1315.73546  696.357077703994          -1334.35895158793           -755.440728327094       600.36078
design2_rebuilt_mutated_A_90_ALA.pdb   -184.793572787697   1350.48407  710.786275478898          -1381.87744136514           -816.635310444864       655.87254
design1_rebuilt_mutated_A_104_ALA.pdb  -176.948516263214   1226.25645  648.670106381011          -1220.38184332405           -496.412511509967       826.06903
design1_rebuilt_mutated_A_102_ALA.pdb  -143.685175654327   1213.51351  633.759740482956          -1235.54256475655           -512.578028041155       768.14913
design2_rebuilt_mutated_A_88_ALA.pdb   -137.921279254587   1379.15712  725.462724528581          -1317.22010682461           -715.487373754236       691.26788
design2_rebuilt_mutated_A_71_ALA.pdb   -136.52921223242    1358.28368  703.199165923541          -1359.63950370028           -796.176119556982       618.59378
design2_rebuilt_mutated_A_33_ALA.pdb   -103.736827784169   1363.59622  698.490957030705          -1342.00054212795           -790.506357553865       619.06901
design1_rebuilt_mutated_A_52_ALA.pdb   -65.4690058420749   1241.0532   641.053147448902          -1137.36784382509           -377.345172937493       847.97911
design1_rebuilt_mutated_A_228_ALA.pdb  -41.0487734632658   1257.45174  634.64831334668           -1199.86159442146           -518.288064323929       827.12546
design2_rebuilt_mutated_A_52_ALA.pdb   -0.178827686288253  1363.51305  678.78403470234           -1311.04952499838           -797.055226442823       610.15895
design2_rebuilt_mutated_A_74_ALA.pdb   219.798760404347    1303.72563  613.422192979795          -1076.03542098605           -486.708330845815       540.32281
design2_rebuilt_mutated_A_72_ALA.pdb   227.79686449736     1329.13107  625.398553741614          -1153.08136443189           -600.928548180429       547.06339
design3_rebuilt_mutated_A_16_ALA.pdb   379.931890349608    1258.72401  561.269276527756          -1023.32042878832           -523.915537374228       638.08232
design3_rebuilt_mutated_A_42_ALA.pdb   421.856553879536    1309.62636  576.978924980944          -1017.41357220669           -489.122420202162       604.94268
design3_rebuilt_mutated_A_52_ALA.pdb   463.042409528639    1273.26611  550.834754271661          -970.553631821307           -379.79097311204        555.4869
design3_rebuilt_mutated_A_59_ALA.pdb   490.318318559383    1235.57987  520.626761324244          -906.227285195658           -395.309133477745       490.54953
design3_rebuilt_mutated_A_24_ALA.pdb   490.726337951414    1251.28606  536.642115525245          -946.161926761202           -421.861842874788       566.74015
design3_rebuilt_mutated_A_12_ALA.pdb   493.764528111653    1240.58834  531.734414775995          -943.405827886957           -377.753911261249       588.2592
design3_rebuilt_mutated_A_28_ALA.pdb   496.123039195846    1259.28303  541.181355765597          -958.492585298864           -447.856434833023       607.33225
design3_rebuilt_mutated_A_63_ALA.pdb   514.923146659115    1263.83252  528.240261424052          -915.265827006237           -395.276841474762       490.54953
design3_rebuilt_mutated_A_6_ALA.pdb    518.410603963147    1239.00783  520.761942453524          -908.333862798598           -396.833102953672       490.54953
design3_rebuilt_mutated_A_37_ALA.pdb   518.797797421058    1279.39496  538.743043512792          -941.737038385705           -419.863436617823       491.69637
design3_rebuilt_mutated_A_45_ALA.pdb   518.9760160131      1249.81675  533.925907748343          -921.571996733171           -376.108481850959       612.46732
design3_rebuilt_mutated_A_20_ALA.pdb   547.174200554273    1229.97962  513.988609402888          -905.896520609485           -366.285954829678       515.69861
design3_rebuilt_mutated_A_55_ALA.pdb   548.440269965061    1234.01782  515.290139961644          -902.029546698973           -398.139004365256       490.54953
design3_rebuilt_mutated_A_2_ALA.pdb    562.214599297002    1249.56841  522.782930473459          -915.928439182704           -402.232936005227       490.54953
design3_rebuilt_mutated_A_30_ALA.pdb   563.367564570191    1242.64601  515.991848597344          -895.108410657164           -411.081878293285       453.87935
design3_rebuilt_mutated_A_62_ALA.pdb   566.65653103513     1243.06517  514.874671601227          -899.162263213918           -395.251193548229       490.54953
design3_rebuilt_mutated_A_3_ALA.pdb    575.694210664081    1270.39826  526.514179186958          -919.998498773229           -402.340843841013       490.54953
design3_rebuilt_mutated_A_9_ALA.pdb    590.465150742889    1232.73573  507.485810838393          -888.76417540813            -389.479892140788       491.03043
design3_rebuilt_mutated_A_47_ALA.pdb   592.99798821275     1254.29393  516.978604893262          -900.234359024519           -394.152621025259       490.54953
design3_rebuilt_mutated_A_26_ALA.pdb   595.269177458884    1256.83293  517.638545540117          -902.954730897029           -395.565319724601       490.5336
design3_rebuilt_mutated_A_31_ALA.pdb   599.41925162579     1249.99646  513.865692676812          -890.435791332415           -380.873529981281       493.74013
design3_rebuilt_mutated_A_13_ALA.pdb   601.575393522409    1278.77809  521.50149375462           -905.510710058594           -382.25225126083        477.83288
design3_rebuilt_mutated_A_44_ALA.pdb   603.342014170146    1248.30229  512.968083966199          -882.613014801127           -373.781694942447       493.10472
design3_rebuilt.pdb                    609.733812463899    1260.13233  516.444980904595          -900.874461156496           -395.251193548229       490.54953
design3_rebuilt_mutated_A_33_ALA.pdb   611.283572180835    1260.13233  516.19320523685           -900.457311221615           -394.807288267587       490.54953
design3_rebuilt_mutated_A_35_ALA.pdb   619.836773015564    1260.11483  514.405905451858          -897.664563128391           -363.404960093455       580.78885
design3_rebuilt_mutated_A_27_ALA.pdb   623.90883277803     1231.37448  495.798941355592          -855.683218102982           -357.093931258837       372.44338
design3_rebuilt_mutated_A_58_ALA.pdb   632.13839031866     1273.9886   518.949704820934          -903.648502052937           -395.251193548229       490.54953
design3_rebuilt_mutated_A_48_ALA.pdb   635.861044764672    1266.57542  512.367109032931          -885.734919611526           -380.904169929188       496.00406
design3_rebuilt_mutated_A_23_ALA.pdb   639.389461092703    1254.64404  508.111940482688          -885.284640705522           -388.036448381263       490.54953
design3_rebuilt_mutated_A_34_ALA.pdb   651.734535979667    1257.70565  508.685263439782          -879.241049299674           -372.808829667084       492.57143
design3_rebuilt_mutated_A_17_ALA.pdb   652.493912946576    1312.94603  529.854942048223          -908.894797555796           -360.790528874219       498.39046
design3_rebuilt_mutated_A_49_ALA.pdb   668.196519063903    1248.83074  500.422351884883          -862.453775044763           -364.857701843561       450.00606
design3_rebuilt_mutated_A_38_ALA.pdb   716.74256359636     1240.38925  486.94070835639           -814.056815975693           -326.217833098325       450.69328
design3_rebuilt_mutated_A_41_ALA.pdb   870.949100118549    1219.32408  447.582728127229          -672.494169830589           -128.322745403235       379.98817
