ID                                             area_pseudoenergy  area_total  area_expected_to_persist  area_goodness_pseudoenergy  best_core_pseudoenergy  best_core_area
design1_rebuilt_mutated_A_64_ALA_relaxed.pdb   -1154.93256946709  1314.82039  865.221740821361          -1889.89454303183           -1324.002616082         986.92773
design1_rebuilt_mutated_A_57_ALA_relaxed.pdb   -1148.81440827271  1322.09425  870.138089933154          -1902.72834663247           -1318.48893485121       1049.88277
design1_rebuilt_mutated_A_229_ALA_relaxed.pdb  -1142.08519520121  1326.70083  870.342119478871          -1898.04624650078           -1317.93432450414       953.21952
design1_rebuilt_mutated_A_105_ALA_relaxed.pdb  -1118.39203832051  1315.75246  862.510396923578          -1877.19390655362           -1300.70712641579       989.86495
design1_rebuilt_mutated_A_134_ALA_relaxed.pdb  -1117.08652957472  1313.33118  855.942452165826          -1870.58216659499           -1279.97334144422       957.82488
design1_rebuilt_mutated_A_100_ALA_relaxed.pdb  -1108.22644389566  1312.48406  859.480932008708          -1855.69989060176           -1267.77659218328       1197.01786
design1_rebuilt_mutated_A_184_ALA_relaxed.pdb  -1108.04041773431  1307.43107  853.511906528643          -1859.46408463218           -1276.35422425945       1168.9243
design1_rebuilt_mutated_A_108_ALA_relaxed.pdb  -1104.71803031485  1293.72032  849.53212873643           -1822.52001486111           -1263.03787168479       1163.32508
design1_rebuilt_mutated_A_162_ALA_relaxed.pdb  -1104.41215085797  1320.74458  858.874898825331          -1873.5180757155            -1276.42362217515       1197.98261
design1_rebuilt_mutated_A_55_ALA_relaxed.pdb   -1098.10155494282  1320.73779  855.672510994365          -1870.87341157518           -1298.3992893023        982.80889
design1_rebuilt_mutated_A_99_ALA_relaxed.pdb   -1087.35004944967  1316.31874  855.201478851222          -1861.84601590544           -1254.36848438314       959.65103
design1_rebuilt_mutated_A_28_ALA_relaxed.pdb   -1082.5073859222   1315.73251  850.409949940842          -1863.36408989907           -1255.77788651811       947.62182
design1_rebuilt_relaxed.pdb                    -1069.89072800054  1328.10977  857.406002806116          -1846.52651110317           -1256.10341812333       993.25921
design1_rebuilt_mutated_A_2_ALA_relaxed.pdb    -1063.95964438632  1349.28287  868.381347973226          -1861.9657397905            -1223.36355305252       1205.70798
design1_rebuilt_mutated_A_26_ALA_relaxed.pdb   -1059.83471951734  1319.55074  853.501022023518          -1829.57945546349           -1255.19394590191       1153.12673
design1_rebuilt_mutated_A_161_ALA_relaxed.pdb  -1056.63588208657  1307.00447  845.520401248532          -1814.67718850671           -1279.25083718405       1001.11702
design1_rebuilt_mutated_A_97_ALA_relaxed.pdb   -1052.27042181767  1334.56121  855.6577270798            -1859.12545024916           -1250.09522368367       1184.09059
design1_rebuilt_mutated_A_183_ALA_relaxed.pdb  -1041.52096588924  1321.63467  849.947594519823          -1826.20641923156           -1224.82816160767       1187.03181
design1_rebuilt_mutated_A_54_ALA_relaxed.pdb   -1039.39103510525  1317.64444  848.374648305387          -1825.75858009461           -1241.26869629951       974.49724
design1_rebuilt_mutated_A_31_ALA_relaxed.pdb   -1023.04554718872  1312.40731  838.058020788574          -1821.63228867994           -1214.6363989745        1006.5026
design1_rebuilt_mutated_A_30_ALA_relaxed.pdb   -1018.51021004704  1309.31759  840.196485883367          -1799.86094963939           -1184.01778190994       1048.32803
design1_rebuilt_mutated_A_58_ALA_relaxed.pdb   -1017.15993711917  1294.14861  833.607351136865          -1788.66651181334           -1188.90742078731       939.93649
design1_rebuilt_mutated_A_103_ALA_relaxed.pdb  -1007.11976179602  1308.05015  837.563110760992          -1793.91472801233           -1185.47650099725       1193.03534
design1_rebuilt_mutated_A_166_ALA_relaxed.pdb  -986.33235945309   1303.76005  831.788613979095          -1766.83196066904           -1146.70627955837       939.41955
design1_rebuilt_mutated_A_225_ALA_relaxed.pdb  -984.974605048849  1325.64672  843.735327572577          -1796.751830971             -1189.18919809609       951.68044
design1_rebuilt_mutated_A_1_ALA_relaxed.pdb    -982.856878846445  1302.36195  838.20275531874           -1747.46817765334           -1154.46709138856       1185.884
design1_rebuilt_mutated_A_230_ALA_relaxed.pdb  -978.944763839334  1323.29863  841.523115924211          -1783.04265771468           -1170.45806010743       958.01643
design1_rebuilt_mutated_A_59_ALA_relaxed.pdb   -974.532551525427  1317.01613  834.801274086083          -1770.49556623586           -1150.52379217039       1036.16093
design1_rebuilt_mutated_A_227_ALA_relaxed.pdb  -959.506283888538  1317.50334  838.291043594018          -1792.14006840885           -1212.94728235585       953.2048
design1_rebuilt_mutated_A_53_ALA_relaxed.pdb   -946.585562667763  1307.02607  827.429019890556          -1751.12328024018           -1134.27567610181       1020.59413
design1_rebuilt_mutated_A_3_ALA_relaxed.pdb    -929.33366180658   1313.6433   829.478581963009          -1737.5127516641            -1112.39361696423       1192.75148
design1_rebuilt_mutated_A_101_ALA_relaxed.pdb  -924.261885187514  1322.57342  823.6277931217            -1795.6152191767            -1155.96404494705       1145.84904
design1_rebuilt_mutated_A_56_ALA_relaxed.pdb   -869.30947361021   1283.94045  805.444620529533          -1669.95979537559           -1066.02292677423       928.52199
design1_rebuilt_mutated_A_32_ALA_relaxed.pdb   -829.890721764946  1311.21447  805.227238713433          -1704.03642863367           -1063.14118413449       1008.86525
design1_rebuilt_mutated_A_228_ALA_relaxed.pdb  -766.93512372111   1327.54688  806.739420310896          -1669.91204160238           -1120.85794666522       921.05308
design1_rebuilt_mutated_A_104_ALA_relaxed.pdb  -756.344735740095  1308.94542  803.171573953851          -1588.00524103393           -944.728575535107       944.65289
design1_rebuilt_mutated_A_52_ALA_relaxed.pdb   -717.659957582231  1308.07949  800.960970003521          -1548.88795923116           -925.621155468653       948.79799
design1_rebuilt_mutated_A_102_ALA_relaxed.pdb  -704.934510939495  1299.87874  778.91318060776           -1615.63800186397           -932.826793201916       851.57567
design1_rebuilt_mutated_A_27_ALA_relaxed.pdb   -554.509084799272  1245.67927  727.261639190634          -1472.59803901104           -848.986204020184       859.01759
design2_rebuilt_mutated_A_45_ALA_relaxed.pdb   -538.747490319976  1371.17434  785.336239003344          -1583.86222614396           -985.438966636973       704.21598
design1_rebuilt_mutated_A_226_ALA_relaxed.pdb  -522.192013368768  1238.57963  715.25640430054           -1436.78622639348           -782.574313952413       878.99712
design2_rebuilt_mutated_A_123_ALA_relaxed.pdb  -516.547758153436  1355.25743  768.645943543288          -1546.53353426386           -928.370110869586       868.6952
design2_rebuilt_mutated_A_70_ALA_relaxed.pdb   -506.735631023189  1347.35669  767.700044480994          -1543.94547001675           -937.093856912366       855.53745
design1_rebuilt_mutated_A_25_ALA_relaxed.pdb   -492.455607078511  1243.33819  709.247820710856          -1442.73606828435           -773.186739978002       857.13464
design2_rebuilt_mutated_A_46_ALA_relaxed.pdb   -461.819465948802  1364.95027  768.491527436393          -1538.07345415065           -954.485086639416       729.33248
design2_rebuilt_mutated_A_31_ALA_relaxed.pdb   -435.631145363941  1399.90633  781.833236159213          -1563.04758585347           -958.913470667789       743.33744
design2_rebuilt_mutated_A_90_ALA_relaxed.pdb   -423.598837768604  1377.95785  768.21406516131           -1554.91991796565           -966.87336662045        702.48832
design2_rebuilt_mutated_A_50_ALA_relaxed.pdb   -422.391485428883  1384.90206  769.037429726633          -1538.78975538827           -933.942109991354       767.5793
design2_rebuilt_mutated_A_48_ALA_relaxed.pdb   -419.935083920395  1376.53299  763.686266498663          -1529.77708895578           -956.115707660058       685.11321
design2_rebuilt_mutated_A_164_ALA_relaxed.pdb  -413.68046511708   1409.00881  779.280105504198          -1569.50650290299           -977.890654141432       692.84602
design2_rebuilt_mutated_A_75_ALA_relaxed.pdb   -387.251759856315  1394.06768  763.776124118257          -1536.69065874556           -945.626606435948       694.77608
design2_rebuilt_mutated_A_77_ALA_relaxed.pdb   -380.63178824911   1402.9934   774.467086343897          -1537.19148817858           -955.695405480826       699.1369
design2_rebuilt_mutated_A_129_ALA_relaxed.pdb  -377.133722569375  1395.21418  769.592159750461          -1524.11095515211           -935.910904739224       664.79147
design2_rebuilt_relaxed.pdb                    -374.981265881129  1398.78833  768.313669762028          -1544.18405988808           -943.233147707787       699.00516
design2_rebuilt_mutated_A_9_ALA_relaxed.pdb    -371.309501016585  1402.54458  768.432104580641          -1539.34287705504           -933.996821027841       683.12577
design2_rebuilt_mutated_A_44_ALA_relaxed.pdb   -362.589752843108  1391.71025  763.339358137472          -1518.13195347816           -902.194708237089       694.03437
design2_rebuilt_mutated_A_134_ALA_relaxed.pdb  -356.348985096045  1367.44928  744.637151158612          -1489.56460058778           -839.112455199393       653.70536
design2_rebuilt_mutated_A_136_ALA_relaxed.pdb  -356.129495613389  1383.97363  754.079674379978          -1504.44857336505           -924.363425440125       690.91562
design2_rebuilt_mutated_A_104_ALA_relaxed.pdb  -347.661221201484  1398.26775  763.143777250465          -1517.09402509566           -921.996712793776       696.84798
design2_rebuilt_mutated_A_102_ALA_relaxed.pdb  -343.428790860644  1389.01796  761.325058972233          -1492.91625315639           -910.689541491168       691.78792
design2_rebuilt_mutated_A_33_ALA_relaxed.pdb   -342.33338413099   1394.23922  757.817497334423          -1506.10675703323           -904.584373045351       780.74465
design2_rebuilt_mutated_A_79_ALA_relaxed.pdb   -341.402038659259  1399.71365  762.186329162984          -1525.59498155457           -957.38199508209        703.20447
design2_rebuilt_mutated_A_89_ALA_relaxed.pdb   -332.66213667783   1405.1643   765.557503375132          -1500.78053209338           -891.665343237729       696.82431
design2_rebuilt_mutated_A_125_ALA_relaxed.pdb  -332.498629524363  1395.04881  756.895897726154          -1503.72105909998           -929.398289271399       696.37092
design2_rebuilt_mutated_A_60_ALA_relaxed.pdb   -330.496632401689  1394.10798  754.368434526126          -1491.4879395442            -879.034576726109       644.78236
design2_rebuilt_mutated_A_35_ALA_relaxed.pdb   -329.875174696846  1394.35913  753.944496188884          -1517.20014050071           -960.977196327795       753.35069
design2_rebuilt_mutated_A_126_ALA_relaxed.pdb  -327.399715053622  1387.8359   749.931801371273          -1488.8689269295            -891.642469566646       661.72911
design2_rebuilt_mutated_A_84_ALA_relaxed.pdb   -324.432589630548  1389.50628  749.731398381419          -1511.60167615876           -937.331533403347       740.03775
design2_rebuilt_mutated_A_101_ALA_relaxed.pdb  -322.902829364841  1408.03818  767.734946662659          -1492.22569330969           -906.616156700382       704.08535
design2_rebuilt_mutated_A_71_ALA_relaxed.pdb   -319.175683045633  1390.10834  753.354723817092          -1498.80292052383           -875.678907842898       571.49499
design2_rebuilt_mutated_A_64_ALA_relaxed.pdb   -317.771456199985  1422.99169  769.949382597328          -1532.73044479888           -958.786342745959       675.29543
design2_rebuilt_mutated_A_62_ALA_relaxed.pdb   -317.135729827048  1403.70927  756.331303959745          -1514.82197665524           -927.590124833224       698.23147
design2_rebuilt_mutated_A_163_ALA_relaxed.pdb  -307.77170562937   1405.0373   758.764366000442          -1505.40879302079           -930.988472352276       702.9594
design2_rebuilt_mutated_A_132_ALA_relaxed.pdb  -306.560465260117  1403.21592  761.80428947772           -1499.1136962035            -889.901109242552       701.34386
design2_rebuilt_mutated_A_73_ALA_relaxed.pdb   -305.721122030097  1398.6464   752.769811998235          -1477.09525475002           -914.297410453907       640.14475
design2_rebuilt_mutated_A_78_ALA_relaxed.pdb   -302.157049195746  1390.86423  745.559752919196          -1489.85509446348           -911.045139108156       769.51887
design2_rebuilt_mutated_A_63_ALA_relaxed.pdb   -299.256709272897  1396.37329  754.168598588216          -1487.57629246781           -902.783747735022       728.60805
design2_rebuilt_mutated_A_80_ALA_relaxed.pdb   -296.898663308145  1372.34029  741.695060603975          -1472.63158444233           -911.913674556668       695.8504
design2_rebuilt_mutated_A_76_ALA_relaxed.pdb   -284.125873404668  1394.4762   747.109151286258          -1484.83372764898           -889.058747817378       657.8501
design2_rebuilt_mutated_A_86_ALA_relaxed.pdb   -248.322430463852  1386.97582  740.183828177491          -1430.09961207572           -839.295614524111       682.92941
design2_rebuilt_mutated_A_100_ALA_relaxed.pdb  -225.933747527224  1377.43449  733.799838823709          -1436.21859779864           -860.225631794202       653.45772
design2_rebuilt_mutated_A_127_ALA_relaxed.pdb  -217.897529370811  1382.42579  734.376969486611          -1441.78605900649           -874.562120856701       673.87782
design2_rebuilt_mutated_A_52_ALA_relaxed.pdb   -212.520238945945  1387.38162  729.921277511839          -1428.846797738             -839.680038146016       545.82101
design2_rebuilt_mutated_A_88_ALA_relaxed.pdb   -204.591637382378  1414.27724  750.354393923153          -1403.57906668842           -778.834659326819       702.22717
design2_rebuilt_mutated_A_72_ALA_relaxed.pdb   -124.510641614592  1351.91363  699.143186723654          -1391.72215114131           -825.337588580765       566.86153
design2_rebuilt_mutated_A_74_ALA_relaxed.pdb   -40.6918411008572  1337.03355  681.925885654104          -1240.80737535303           -609.194179531451       620.61717
design3_rebuilt_mutated_A_42_ALA_relaxed.pdb   162.039615472235   1337.45626  638.582653755666          -1190.74008925552           -652.526727788173       623.80739
design3_rebuilt_mutated_A_28_ALA_relaxed.pdb   166.805659964577   1293.59879  616.470917472444          -1147.61090613384           -615.900996735152       588.17256
design3_rebuilt_mutated_A_45_ALA_relaxed.pdb   266.445706704258   1294.28977  597.718029729861          -1091.76276562778           -534.255463494147       591.20619
design3_rebuilt_mutated_A_16_ALA_relaxed.pdb   290.305654821943   1291.07709  590.076455389278          -1094.76621618851           -608.315497784281       587.43519
design3_rebuilt_mutated_A_24_ALA_relaxed.pdb   335.30650088377    1287.54627  580.543926822007          -1052.05109577699           -483.138244616162       614.00376
design3_rebuilt_mutated_A_52_ALA_relaxed.pdb   340.458277796443   1292.79378  585.36768453151           -1030.89498050176           -450.462752807005       619.04719
design3_rebuilt_mutated_A_20_ALA_relaxed.pdb   361.868566299118   1272.91084  565.724618760745          -1023.57840156979           -484.539530818589       555.70992
design3_rebuilt_mutated_A_31_ALA_relaxed.pdb   375.074089548953   1293.44245  571.250525001303          -1004.81701820138           -482.945374273264       576.05021
design3_rebuilt_mutated_A_59_ALA_relaxed.pdb   386.392582947777   1284.71163  563.654629034002          -996.759228321667           -468.603108162785       481.25455
design3_rebuilt_mutated_A_13_ALA_relaxed.pdb   392.906287777094   1316.83682  576.120808373462          -1021.13097576708           -472.35204666519        605.91506
design3_rebuilt_mutated_A_63_ALA_relaxed.pdb   393.443906141279   1308.25088  574.44051512181           -1016.09141611975           -467.328293158773       492.00788
design3_rebuilt_mutated_A_37_ALA_relaxed.pdb   401.794131271346   1313.11391  576.785806594331          -1036.61000942452           -481.208896606112       558.43255
design3_rebuilt_mutated_A_17_ALA_relaxed.pdb   403.531445848015   1341.44078  593.160549906698          -1047.39699330566           -477.894883343206       617.65266
design3_rebuilt_mutated_A_55_ALA_relaxed.pdb   410.686755049912   1274.93623  554.543740327974          -977.395187955486           -437.212261556468       481.43116
design3_rebuilt_mutated_A_6_ALA_relaxed.pdb    422.221758226615   1287.06353  560.425905380114          -989.611213436207           -466.607980130426       481.37642
design3_rebuilt_mutated_A_30_ALA_relaxed.pdb   432.541478888566   1293.01804  564.26004400801           -997.113649188981           -464.046207853246       474.19069
design3_rebuilt_mutated_A_26_ALA_relaxed.pdb   437.29105671318    1299.95559  562.598555126433          -999.676684959219           -458.886053499131       559.81173
design3_rebuilt_mutated_A_2_ALA_relaxed.pdb    438.33013157894    1298.41654  568.874582596598          -1005.86035138242           -483.316651556929       611.86677
design3_rebuilt_mutated_A_47_ALA_relaxed.pdb   438.697100090037   1304.68015  565.620777699265          -1007.30470270633           -479.457956980482       496.21821
design3_rebuilt_mutated_A_35_ALA_relaxed.pdb   440.159110161628   1312.16356  566.757939079731          -1012.74880117289           -471.130730400811       557.65843
design3_rebuilt_mutated_A_62_ALA_relaxed.pdb   449.645577796522   1297.56766  559.494507924516          -992.437241800924           -452.759913519633       493.4916
design3_rebuilt_mutated_A_44_ALA_relaxed.pdb   459.046229404748   1294.37483  557.610513196556          -973.118798645624           -440.577384467536       485.30696
design3_rebuilt_mutated_A_12_ALA_relaxed.pdb   462.414664497329   1277.73425  554.44724403111           -970.406859606611           -396.761764219243       566.92997
design3_rebuilt_relaxed.pdb                    466.890865848861   1311.23877  560.927172932269          -1005.55402261736           -458.628522561759       557.85875
design3_rebuilt_mutated_A_3_ALA_relaxed.pdb    472.408291118563   1310.17981  565.819781895312          -995.449414341759           -469.164065156631       612.31553
design3_rebuilt_mutated_A_27_ALA_relaxed.pdb   477.763079098478   1276.61751  540.19614378995           -972.491782283343           -439.669116928648       461.98149
design3_rebuilt_mutated_A_9_ALA_relaxed.pdb    478.177213206393   1280.67586  547.047993071096          -969.814518008908           -443.435179728549       490.90939
design3_rebuilt_mutated_A_48_ALA_relaxed.pdb   479.748577740223   1305.66483  557.437637134534          -983.526496599977           -457.25222988571        561.76439
design3_rebuilt_mutated_A_23_ALA_relaxed.pdb   489.080575447158   1304.02921  553.175362511967          -986.604526268647           -445.774870707798       559.53014
design3_rebuilt_mutated_A_34_ALA_relaxed.pdb   491.415801430206   1304.77646  553.339586921165          -985.679070627961           -443.811213295232       541.17495
design3_rebuilt_mutated_A_49_ALA_relaxed.pdb   496.81018003945    1283.11561  540.953362769087          -951.78363045267            -440.446392813611       495.81765
design3_rebuilt_mutated_A_33_ALA_relaxed.pdb   514.95240553239    1312.15013  557.897548139556          -987.904335352356           -470.515812274674       474.97047
design3_rebuilt_mutated_A_58_ALA_relaxed.pdb   526.969561364843   1321.25628  558.606503784473          -994.14635149996            -481.773696161939       488.79119
design3_rebuilt_mutated_A_38_ALA_relaxed.pdb   569.100875215839   1291.06314  532.032403398952          -920.673609078142           -398.231530264301       488.91426
design3_rebuilt_mutated_A_41_ALA_relaxed.pdb   640.460348492648   1260.44582  508.965890944937          -799.672218562508           -256.351184071291       406.21522
