ID                                             area_pseudoenergy  area_total  area_expected_to_persist  area_goodness_pseudoenergy  best_core_pseudoenergy  best_core_area
design1_rebuilt_mutated_A_184_ALA_relaxed.pdb  -16223.8325457156  9482.69543  7350.23809487951          -19450.0332392525           -16641.2185438807       9149.21227
design1_rebuilt_mutated_A_2_ALA_relaxed.pdb    -16128.2251995844  9518.259    7338.82005994501          -19436.323900753            -16496.8129147035       9022.34775
design1_rebuilt_mutated_A_183_ALA_relaxed.pdb  -15962.3112973986  9499.6626   7309.10798898667          -19297.0463214731           -16396.5991589605       9165.69857
design1_rebuilt_mutated_A_162_ALA_relaxed.pdb  -15926.3948122809  9503.18719  7302.34713665368          -19289.7983198892           -16362.6721070827       9159.76941
design1_rebuilt_mutated_A_100_ALA_relaxed.pdb  -15868.3813264585  9482.59272  7300.23566146398          -19171.3596383757           -16301.112421321        9173.29236
design1_rebuilt_mutated_A_227_ALA_relaxed.pdb  -15860.137975767   9507.45575  7299.34113635029          -19264.1721299324           -16341.1878969723       9170.13473
design1_rebuilt_mutated_A_134_ALA_relaxed.pdb  -15829.2315265792  9507.88085  7276.82757391287          -19243.5482860336           -16258.216701661        9173.32629
design1_rebuilt_mutated_A_229_ALA_relaxed.pdb  -15784.5645907358  9518.38616  7298.82845261841          -19176.3722733398           -16216.9260399461       9160.28563
design1_rebuilt_mutated_A_225_ALA_relaxed.pdb  -15768.6468277471  9508.14147  7283.44934593144          -19179.5561803104           -16225.233711679        9170.58297
design1_rebuilt_relaxed.pdb                    -15766.8593824978  9516.28181  7288.35054455361          -19167.7600054322           -16209.8582215499       9171.98371
design1_rebuilt_mutated_A_55_ALA_relaxed.pdb   -15761.1002290809  9518.08138  7295.23673976607          -19152.5566782601           -16205.4781890054       9176.00796
design1_rebuilt_mutated_A_58_ALA_relaxed.pdb   -15757.5075999647  9489.7863   7274.05776463397          -19138.1170094915           -16079.7929643906       9136.87837
design1_rebuilt_mutated_A_101_ALA_relaxed.pdb  -15728.680627145   9459.4967   7252.28917676503          -19140.7064898434           -16195.9427158852       8891.82126
design1_rebuilt_mutated_A_161_ALA_relaxed.pdb  -15726.2028390958  9473.75158  7279.68242479874          -19045.1296256027           -16156.8603645871       9141.37968
design1_rebuilt_mutated_A_28_ALA_relaxed.pdb   -15719.5918833956  9505.67856  7269.4257009665           -19154.0636131962           -16126.7129557583       9185.42288
design1_rebuilt_mutated_A_108_ALA_relaxed.pdb  -15680.7725039072  9452.18009  7257.93129027938          -19013.0910358481           -16085.1925358148       9115.88865
design1_rebuilt_mutated_A_31_ALA_relaxed.pdb   -15678.6130602045  9500.4995   7272.49860647621          -19091.7361676228           -16135.5491683723       9153.25106
design1_rebuilt_mutated_A_64_ALA_relaxed.pdb   -15651.5180892515  9518.39828  7285.53011943133          -19040.0290010916           -16077.1236316884       9194.99486
design1_rebuilt_mutated_A_103_ALA_relaxed.pdb  -15641.1612192908  9494.85293  7256.60828774789          -19063.1400049991           -16086.1953590507       9169.7062
design1_rebuilt_mutated_A_3_ALA_relaxed.pdb    -15629.9003000087  9495.40821  7260.02296143825          -19043.1477104306           -16077.6593508968       9186.27651
design1_rebuilt_mutated_A_1_ALA_relaxed.pdb    -15610.4585526568  9487.46123  7270.04230030774          -18981.3521658962           -16037.0085453692       9186.10697
design1_rebuilt_mutated_A_30_ALA_relaxed.pdb   -15605.0857030659  9494.94809  7260.47413156834          -19030.1363149727           -16037.4114832898       9181.70968
design1_rebuilt_mutated_A_99_ALA_relaxed.pdb   -15580.1990514236  9490.23503  7272.10394335004          -18974.8179741318           -16026.5798792723       9154.39588
design1_rebuilt_mutated_A_54_ALA_relaxed.pdb   -15572.1426781798  9510.51268  7270.31237718027          -19006.6908716677           -15986.0466178705       9195.73406
design1_rebuilt_mutated_A_57_ALA_relaxed.pdb   -15563.1749444777  9518.79284  7269.6328144193           -19009.3703334021           -15993.4937062068       9143.71092
design1_rebuilt_mutated_A_26_ALA_relaxed.pdb   -15541.1222403977  9513.84533  7276.12372784478          -18956.5073271375           -15957.1724831579       9193.68872
design1_rebuilt_mutated_A_97_ALA_relaxed.pdb   -15531.2617311021  9483.36757  7223.67653046606          -19024.9520559805           -15989.5734665626       9166.17091
design1_rebuilt_mutated_A_105_ALA_relaxed.pdb  -15455.9884662376  9508.03298  7258.4568393737           -18894.6108260132           -15904.6471219844       9196.8362
design1_rebuilt_mutated_A_56_ALA_relaxed.pdb   -15311.6225173568  9471.84787  7211.3955150842           -18789.6165842307           -15742.8082149435       9146.97516
design1_rebuilt_mutated_A_166_ALA_relaxed.pdb  -15268.7583592653  9477.61462  7195.59257297751          -18773.0543731713           -15707.7791783884       9136.02447
design1_rebuilt_mutated_A_230_ALA_relaxed.pdb  -15246.6528260931  9517.56774  7223.13247494252          -18776.3475886163           -15678.5317528834       9182.75399
design1_rebuilt_mutated_A_53_ALA_relaxed.pdb   -15229.7724158128  9495.48375  7188.53365555798          -18809.9793001123           -15669.7140782874       9181.70164
design1_rebuilt_mutated_A_102_ALA_relaxed.pdb  -15224.7679625857  9424.59696  7163.34607106476          -18712.827837903            -15698.0662403021       9101.06118
design1_rebuilt_mutated_A_228_ALA_relaxed.pdb  -15222.151072507   9474.15783  7194.73572507875          -18772.8511585853           -15755.069138478        8856.3535
design1_rebuilt_mutated_A_32_ALA_relaxed.pdb   -15095.1705112989  9449.68683  7154.37087801486          -18658.0475752624           -15549.8950491487       9136.59281
design1_rebuilt_mutated_A_59_ALA_relaxed.pdb   -15075.7360867754  9480.7747   7202.04442773305          -18544.7273880437           -15476.7984605899       9179.78351
design1_rebuilt_mutated_A_104_ALA_relaxed.pdb  -14869.0514211688  9462.67736  7175.83584460897          -18338.7990024967           -15295.1979359138       9148.2929
design1_rebuilt_mutated_A_52_ALA_relaxed.pdb   -14648.4942755473  9446.23409  7131.6919008337           -18161.7988961248           -15098.1988490081       9096.50836
design1_rebuilt_mutated_A_27_ALA_relaxed.pdb   -12555.1064619152  9370.94693  6787.08059982941          -16583.2520480741           -13024.8305160688       9057.79722
design1_rebuilt_mutated_A_226_ALA_relaxed.pdb  -12259.0803824432  9340.75105  6705.45155224687          -16410.4667756514           -12687.6552465696       8959.1033
design1_rebuilt_mutated_A_25_ALA_relaxed.pdb   -12058.6956385941  9350.03553  6676.90710802453          -16305.818146968            -12518.0022349516       9037.02665
design2_rebuilt_mutated_A_90_ALA_relaxed.pdb   -9563.0126594309   7419.06243  5257.91026449832          -13148.093974519            -10338.0105489773       6535.59216
design2_rebuilt_mutated_A_79_ALA_relaxed.pdb   -9494.42544880942  7471.6169   5257.74280564367          -13179.3570322041           -10305.6820263662       6356.92611
design2_rebuilt_mutated_A_80_ALA_relaxed.pdb   -9414.23802704891  7448.30848  5243.67959563173          -13100.9452892065           -10236.8132023911       6431.77708
design2_rebuilt_mutated_A_70_ALA_relaxed.pdb   -9394.78055754492  7375.07485  5216.50890747427          -12966.597522631            -10244.0140251647       6563.46228
design2_rebuilt_mutated_A_46_ALA_relaxed.pdb   -9377.58382484051  7396.79336  5218.62245435837          -12988.3810316885           -10165.7684385607       6495.81385
design2_rebuilt_mutated_A_48_ALA_relaxed.pdb   -9374.65074170101  7429.30974  5223.59651354943          -13043.0299810096           -10188.3148521359       6514.42542
design2_rebuilt_mutated_A_31_ALA_relaxed.pdb   -9363.19607605673  7419.4507   5221.25897839505          -13028.9654182829           -10227.9466298189       6410.84525
design2_rebuilt_mutated_A_45_ALA_relaxed.pdb   -9359.56805813481  7394.15114  5213.28247172572          -12974.7160624844           -10139.0367229433       6670.05068
design2_rebuilt_mutated_A_50_ALA_relaxed.pdb   -9346.78169361036  7420.88065  5214.47976270917          -13005.7593241202           -10212.2973707105       6546.17483
design2_rebuilt_mutated_A_123_ALA_relaxed.pdb  -9330.03522263964  7409.375    5223.46953646322          -12899.9330447952           -10098.3713133997       6465.73806
design2_rebuilt_mutated_A_100_ALA_relaxed.pdb  -9223.28384236185  7445.67442  5205.41834366326          -12969.6527645936           -10078.1198802016       6457.40236
design2_rebuilt_mutated_A_77_ALA_relaxed.pdb   -9199.07566999697  7436.10734  5196.2229957084           -12935.1604534746           -10092.0214289461       6473.19972
design2_rebuilt_mutated_A_64_ALA_relaxed.pdb   -9169.66797209674  7467.41565  5219.84971209658          -12930.3090581497           -10050.8515009338       6573.62431
design2_rebuilt_mutated_A_134_ALA_relaxed.pdb  -9167.65776915744  7409.54129  5190.74730325798          -12865.0542561783           -9937.28156743402       6508.15553
design2_rebuilt_mutated_A_9_ALA_relaxed.pdb    -9165.910701518    7459.63379  5206.70059510235          -12935.7350491072           -10040.7928822583       6678.47235
design2_rebuilt_mutated_A_63_ALA_relaxed.pdb   -9162.75332117227  7406.95349  5184.95207491639          -12900.3939190578           -10027.6669243381       6468.99763
design2_rebuilt_mutated_A_164_ALA_relaxed.pdb  -9155.74854388911  7476.32993  5218.13788082382          -12942.6147876057           -10063.5842364981       6502.36832
design2_rebuilt_mutated_A_75_ALA_relaxed.pdb   -9145.75659098846  7451.02473  5204.27390767386          -12871.5638367638           -9963.76727960321       6457.01102
design2_rebuilt_relaxed.pdb                    -9136.1170042292   7464.09487  5204.12586886227          -12928.1077432184           -10043.8408284319       6464.04324
design2_rebuilt_mutated_A_35_ALA_relaxed.pdb   -9109.96204443554  7446.53637  5191.99720862886          -12863.3156277938           -9966.01632222985       6621.20586
design2_rebuilt_mutated_A_129_ALA_relaxed.pdb  -9097.61937881865  7437.97552  5200.63493954397          -12850.8654083763           -9933.10546555417       6622.37075
design2_rebuilt_mutated_A_33_ALA_relaxed.pdb   -9079.24557214117  7430.03164  5187.4099484891           -12827.6212188423           -9969.67626524179       6524.70628
design2_rebuilt_mutated_A_71_ALA_relaxed.pdb   -9069.40560607712  7432.41616  5190.84523443369          -12828.5335865166           -9983.9853224202        6576.13976
design2_rebuilt_mutated_A_76_ALA_relaxed.pdb   -9054.52391423322  7446.93709  5186.68892102534          -12824.0804859523           -9924.25198993423       6618.60527
design2_rebuilt_mutated_A_163_ALA_relaxed.pdb  -9047.59355144951  7456.0507   5178.90312591585          -12885.1766070588           -9958.34023994708       6456.3141
design2_rebuilt_mutated_A_102_ALA_relaxed.pdb  -9037.08921448165  7446.53956  5187.46232897082          -12809.2905707313           -9805.93628769244       6679.01562
design2_rebuilt_mutated_A_136_ALA_relaxed.pdb  -9031.64195891288  7444.49351  5195.28680132459          -12757.2587498127           -9915.16954890275       6495.56805
design2_rebuilt_mutated_A_125_ALA_relaxed.pdb  -9018.04467114633  7443.64434  5166.49499574628          -12822.2915354123           -9911.52768405657       6425.99198
design2_rebuilt_mutated_A_62_ALA_relaxed.pdb   -9004.89552621883  7468.06004  5197.10725363151          -12797.5507673234           -9881.64829730012       6469.24239
design2_rebuilt_mutated_A_84_ALA_relaxed.pdb   -8996.11469572588  7441.43752  5165.85426481858          -12810.5196247773           -9873.0820155599        6460.50479
design2_rebuilt_mutated_A_88_ALA_relaxed.pdb   -8984.64585795671  7481.67947  5194.17937449335          -12794.9267082365           -9847.98140218274       6480.61222
design2_rebuilt_mutated_A_52_ALA_relaxed.pdb   -8976.9044952993   7422.03519  5169.64823927747          -12747.8928911373           -9840.08537646622       6576.77847
design2_rebuilt_mutated_A_127_ALA_relaxed.pdb  -8975.35509187084  7441.16093  5180.1891730997           -12769.7270500215           -9941.26314983159       6584.23491
design2_rebuilt_mutated_A_89_ALA_relaxed.pdb   -8930.13837141876  7473.01088  5203.17827116671          -12675.1006159929           -9763.50616483111       6449.20812
design2_rebuilt_mutated_A_60_ALA_relaxed.pdb   -8896.89066185247  7424.20396  5159.34549064716          -12671.2986766751           -9777.44325168274       6633.57954
design2_rebuilt_mutated_A_104_ALA_relaxed.pdb  -8894.54501891815  7456.84884  5180.04662878008          -12710.6575587258           -9761.36359978793       6484.94127
design2_rebuilt_mutated_A_73_ALA_relaxed.pdb   -8893.90012674503  7427.78717  5162.63338486956          -12640.6592303274           -9784.74550814473       6567.22515
design2_rebuilt_mutated_A_74_ALA_relaxed.pdb   -8875.05563843545  7382.24432  5140.28872463729          -12602.7202244498           -9754.95760636371       6489.13001
design2_rebuilt_mutated_A_132_ALA_relaxed.pdb  -8777.92296499729  7478.47804  5176.43330713029          -12635.6488413595           -9689.64330477991       6425.09473
design2_rebuilt_mutated_A_101_ALA_relaxed.pdb  -8773.77411399143  7447.38546  5156.49761752231          -12606.9206537595           -9649.05066444593       6440.83866
design2_rebuilt_mutated_A_78_ALA_relaxed.pdb   -8678.02912521853  7445.69796  5132.93060733241          -12546.2378815573           -9585.79257014575       6572.74912
design2_rebuilt_mutated_A_44_ALA_relaxed.pdb   -8648.44855405675  7443.18466  5122.43020091117          -12522.4678907675           -9500.21921518366       6556.15964
design2_rebuilt_mutated_A_86_ALA_relaxed.pdb   -8573.40397264134  7438.28381  5124.87093861642          -12428.4798239237           -9409.49469475642       6347.54362
design2_rebuilt_mutated_A_72_ALA_relaxed.pdb   -8534.90181587779  7390.44459  5082.23851159547          -12474.2215505974           -9552.55187245999       6463.65012
design2_rebuilt_mutated_A_126_ALA_relaxed.pdb  -8353.932862486    7420.36737  5060.8129407618           -12296.3910555649           -9253.88878793799       6418.22635
design3_rebuilt_mutated_A_42_ALA_relaxed.pdb   -977.306693760637  3055.16895  1716.62302150479          -3366.87655730496           -2015.09348384866       2016.7874
design3_rebuilt_mutated_A_24_ALA_relaxed.pdb   -916.638260002077  3014.26039  1691.94729936136          -3304.54986035986           -1963.29843546718       2007.61907
design3_rebuilt_mutated_A_20_ALA_relaxed.pdb   -870.680997074299  3002.81786  1672.11657451044          -3274.14057219784           -1882.04632330086       2288.19403
design3_rebuilt_mutated_A_16_ALA_relaxed.pdb   -858.70279751215   3024.46367  1681.83981969296          -3273.21507922267           -2009.62441931883       1930.59101
design3_rebuilt_mutated_A_28_ALA_relaxed.pdb   -858.323158093679  3017.01642  1675.14303137821          -3279.51486934042           -1877.96167644601       2024.25857
design3_rebuilt_mutated_A_45_ALA_relaxed.pdb   -854.693631838361  3023.76348  1682.55711654137          -3269.66053957342           -1819.81846534131       2342.36938
design3_rebuilt_mutated_A_31_ALA_relaxed.pdb   -853.858589700543  3019.64785  1673.67996875159          -3258.7402804384            -1938.0765534985        2097.19557
design3_rebuilt_mutated_A_59_ALA_relaxed.pdb   -810.817413651803  3032.42305  1674.64534851275          -3221.37118634345           -1833.4213187426        2068.65267
design3_rebuilt_mutated_A_26_ALA_relaxed.pdb   -795.249626896     3024.13502  1666.55931238257          -3244.67871528532           -1900.20473955962       1923.62338
design3_rebuilt_mutated_A_47_ALA_relaxed.pdb   -782.670205285468  3028.86415  1663.52935131855          -3238.97829636018           -1884.46207921103       2071.36469
design3_rebuilt_mutated_A_17_ALA_relaxed.pdb   -776.862492114019  3059.75696  1682.59518365151          -3257.57333256846           -1793.67199817954       2125.52906
design3_rebuilt_mutated_A_52_ALA_relaxed.pdb   -766.019764020102  3011.88528  1660.40283021232          -3197.43361919463           -1789.2859399477        2019.99489
design3_rebuilt_mutated_A_30_ALA_relaxed.pdb   -751.777879027631  3021.39334  1661.15434416111          -3211.47214224973           -1871.81503013101       2121.70641
design3_rebuilt_mutated_A_48_ALA_relaxed.pdb   -749.609763551517  3019.03132  1656.64065799661          -3195.70892746533           -1849.07499664777       2045.41301
design3_rebuilt_mutated_A_37_ALA_relaxed.pdb   -748.61261953511   3024.30258  1659.41326730103          -3199.96819519855           -1804.3371531451        2036.14107
design3_rebuilt_mutated_A_13_ALA_relaxed.pdb   -748.144160601172  3016.32213  1651.3141041289           -3194.49958098627           -1779.07501167281       1958.49308
design3_rebuilt_mutated_A_55_ALA_relaxed.pdb   -734.487610360896  2995.45299  1642.6783556452           -3140.48347667976           -1756.85503705126       2051.68417
design3_rebuilt_mutated_A_27_ALA_relaxed.pdb   -732.754498014847  2992.13141  1633.35128781417          -3191.13546711828           -1907.00183589858       2040.66797
design3_rebuilt_mutated_A_49_ALA_relaxed.pdb   -728.269645840869  3010.28044  1645.57060838725          -3191.04243435762           -1811.36893209718       2053.33845
design3_rebuilt_mutated_A_6_ALA_relaxed.pdb    -727.464815133581  3001.82139  1645.56612742453          -3177.61970514481           -1766.60548950525       1902.43681
design3_rebuilt_mutated_A_2_ALA_relaxed.pdb    -724.298847077726  3023.35722  1662.43286539644          -3207.30082759434           -1801.30811950615       1900.56786
design3_rebuilt_mutated_A_35_ALA_relaxed.pdb   -713.54333244052   3026.74618  1654.16058298294          -3182.14734892284           -1817.56211181639       1984.6263
design3_rebuilt_mutated_A_44_ALA_relaxed.pdb   -682.746717699835  3009.55629  1642.88449111903          -3133.30191785119           -1759.35167286664       2107.02752
design3_rebuilt_mutated_A_58_ALA_relaxed.pdb   -677.195034528688  3037.47074  1654.52936407943          -3198.1947892961            -1812.09690003783       1988.54904
design3_rebuilt_mutated_A_9_ALA_relaxed.pdb    -654.75647680361   2994.72648  1630.78686005204          -3117.42799274713           -1718.11294971342       2071.26955
design3_rebuilt_relaxed.pdb                    -652.477034686516  3027.24926  1643.82340497121          -3144.8288404634            -1754.42586976118       2034.72747
design3_rebuilt_mutated_A_62_ALA_relaxed.pdb   -646.669634277103  3024.95462  1642.25351130881          -3131.84484235384           -1760.19616020687       2049.96034
design3_rebuilt_mutated_A_63_ALA_relaxed.pdb   -640.301848209957  3012.70655  1635.287376874            -3088.03377508043           -1731.22029468581       1628.28237
design3_rebuilt_mutated_A_33_ALA_relaxed.pdb   -636.778249941424  3039.38312  1647.68891899033          -3177.93583138739           -1816.02227193652       2143.53299
design3_rebuilt_mutated_A_3_ALA_relaxed.pdb    -619.149660137341  3043.33974  1651.01991675639          -3141.50036804633           -1693.74704090507       1769.42048
design3_rebuilt_mutated_A_12_ALA_relaxed.pdb   -586.027941003557  3001.60352  1625.03072258059          -3079.94322142503           -1635.20317594298       1953.04239
design3_rebuilt_mutated_A_34_ALA_relaxed.pdb   -579.552857198925  3028.80921  1621.90115342135          -3139.26507318458           -1695.883036517         2147.78176
design3_rebuilt_mutated_A_38_ALA_relaxed.pdb   -577.978557901634  3011.9474   1619.01261176241          -3100.55493510974           -1680.52181199885       2149.73878
design3_rebuilt_mutated_A_23_ALA_relaxed.pdb   -573.64960621945   3013.97838  1623.56705835388          -3090.90656200951           -1684.91099023257       2017.51909
design3_rebuilt_mutated_A_41_ALA_relaxed.pdb   -487.828792830549  3004.09018  1602.1393235835           -2974.53145885122           -1531.69301326291       2127.43465
