chain	seqnum	resname	area_pseudoenergy	area	area_expected_to_persist	area_goodness	boundary
A	36	TRP	-538.607226200444	186.10997	169.677637015342	-556.961314022163	1.849574
A	170	TYR	-485.903248322402	163.94889	150.00536614313	-502.134348786789	0
A	220	TYR	-439.896189621223	146.35709	135.023069939454	-453.416442347351	1.725681
A	35	HIS	-425.813726141691	127.06444	119.235208067281	-434.665063470782	2.981946
A	80	PHE	-420.485881740596	138.82068	129.584120178211	-430.230394831989	0.259966
A	93	TYR	-414.194916384545	142.27643	132.015461351105	-425.82666630479	2.5232594
A	37	VAL	-409.162334994164	117.60079	112.097586092306	-414.904858742976	1.282257
A	48	LEU	-408.834965787645	128.67263	121.568885097433	-416.288241569679	1.454158
A	47	TRP	-399.43252825349	165.94433	146.834646049497	-420.660051607462	7.503772
A	169	TRP	-380.556832642371	183.33549	151.300147423265	-421.179287208306	3.414175
A	207	LEU	-366.469028842435	134.9636	123.19118009692	-379.716751112824	0
A	238	LEU	-359.405090996095	133.58048	123.395419118412	-370.212316778746	2.080311
A	102	TYR	-358.911896359793	174.4408	144.754361892097	-396.980161753006	11.416129
A	171	GLN	-356.58894928284	114.60049	104.932649680028	-368.841411959474	7.0542
A	38	ARG	-346.644079296604	173.79081	136.929188186986	-404.956717281446	12.800764
A	232	PHE	-343.96369879092	150.72805	134.386639530395	-361.804537864635	9.74676
A	20	ILE	-343.865930904173	120.3546	109.611908006619	-355.666512816333	0
A	155	PHE	-342.214320545301	151.007	132.653654080161	-363.649857963474	2.654271
A	18	LEU	-332.122530981389	117.2098	108.985014504832	-340.812617123279	0
A	181	LEU	-327.879977476603	124.72401	113.693413147631	-341.609434010491	2.1043653
A	45	LEU	-305.961162103999	151.21836	129.177479828031	-332.900382644862	5.755703
A	109	TRP	-305.547304332704	156.67679	132.509860706903	-333.721500130175	11.93776
A	52	TRP	-300.194366196974	146.30045	123.936660222833	-326.761879160033	8.93505
A	180	LEU	-295.382831064731	124.65272	108.776852977339	-313.603634502981	6.008655
A	104	TYR	-292.407217037127	161.15028	134.063528963249	-324.59129918171	6.468818
A	94	TYR	-288.794255128155	153.70692	119.881153719416	-333.410269108462	9.260264
A	106	PHE	-288.366497229671	121.56984	109.684763676289	-301.087957426351	0
A	209	ILE	-284.331808333752	108.43026	99.3491819132203	-294.056033985665	0
A	223	GLN	-271.555358346282	130.34967	110.063149855877	-298.076459634258	2.63727
A	50	VAL	-265.262379232128	83.09577	77.7780938669878	-271.088049983695	0
A	95	CYS	-259.621520758941	94.03891	86.9606226034909	-267.155449286745	0
A	51	ILE	-258.485747782188	106.9128	97.0332066607833	-269.025134333143	9.129716
A	96	ALA	-241.951789400908	80.58094	74.0236020883691	-249.091048202513	0
A	172	GLN	-238.67568752893	106.7621	91.1626472310054	-258.541545154498	11.622986
A	228	TRP	-236.727651900877	166.28907	131.396573653923	-278.014814453753	31.4180757
A	221	TYR	-236.604449286181	159.08994	116.184820588307	-296.178328591074	8.92294645
A	69	ILE	-234.129638156449	123.26072	106.291306818585	-253.251064105544	6.403268
A	82	MET	-230.041496717329	106.73722	91.7206987751877	-247.22764564716	0
A	178	PRO	-226.582577529862	106.30473	93.6058278275104	-241.206236044029	1.8862
A	115	VAL	-225.926853471975	93.58656	82.70370003407	-238.150196917477	0.4257502
A	168	HIS	-225.70934966789	114.67171	96.4798837311372	-247.985117121794	4.088946
A	92	ILE	-219.741441607559	84.95266	76.4869802105817	-234.667798630546	25.54622
A	153	VAL	-215.482766547402	85.39633	77.6640954515183	-223.751238250707	4.64383
A	39	GLN	-214.317251275962	104.13333	85.3585665340862	-239.816925643486	17.267795
A	196	PHE	-214.111604594792	106.59794	92.2375252114913	-232.997015258938	8.5760634
A	117	VAL	-199.374850470418	111.06393	93.3080299486983	-220.17876021111	5.01861582
A	58	ASP	-195.261201701806	94.7899	80.0604942825603	-217.995304878072	13.58776
A	236	THR	-189.624890590313	108.41043	86.035593588323	-216.424363261733	2.39176414
A	79	PHE	-187.183149098464	101.17048	82.292406628224	-212.870312311125	26.414042
A	6	GLN	-181.85923474993	126.57599	101.455247069958	-210.166138897379	9.886249
A	60	ASN	-178.887820513184	81.27236	66.2807403294187	-201.825375506631	16.09871
A	78	VAL	-177.017747098928	116.56161	91.3215001475837	-216.856730855311	0.3794365
A	67	LEU	-177.005310376393	88.00871	77.2723619948065	-188.592810439096	2.21362
A	225	ASN	-176.579428834927	100.29366	84.2504731656098	-194.873313110145	2.71102
A	59	TYR	-174.325691440243	90.79647	78.1208404359716	-188.156338224083	11.77891
A	46	GLU	-172.815162344051	98.58663	72.657437331624	-214.151804209942	23.380647
A	21	THR	-172.731000049535	80.45336	71.3433745687014	-182.93618268584	18.78352
A	85	LEU	-169.406392835303	91.09643	75.9328995565596	-187.576527416457	0.28360812
A	113	THR	-162.654433676008	84.41503	70.0091326664355	-181.207996927036	8.50072
A	22	CYS	-160.280416327846	82.83467	66.0113116214615	-186.172489432464	0
A	81	LYS	-159.971085837337	75.28641	60.3104775626774	-181.5031904902	19.47648
A	230	THR	-155.638757694772	88.6582	73.6764190501916	-174.001516896769	7.652972
A	219	ASP	-155.557575219512	63.20563	55.3312700023285	-166.391870217207	19.636132
A	182	ILE	-151.167134565828	96.08016	77.0781085472061	-175.506160105087	10.0476179
A	212	VAL	-150.752255063654	92.03872	74.9733442398882	-172.611823182582	2.831938
A	105	GLU	-149.603364463968	105.61542	82.5486217214715	-176.76201402036	3.21266
A	145	LEU	-145.244321304017	76.43181	64.5471800897908	-159.178785866518	5.60534
A	56	ASN	-143.283742145797	67.14861	58.9355604491448	-152.236639646662	13.281788
A	205	PHE	-142.916127641993	116.09538	87.0543002704182	-182.088602360052	0
A	71	ARG	-142.007160385698	123.77781	89.1303394391674	-188.259316380928	20.6838215
A	206	THR	-141.60486417497	83.31862	69.0903567104602	-157.566330476832	20.724417
A	91	ALA	-140.251200251341	61.41565	53.1850267891657	-150.926646679909	0.1407398
A	208	SER	-139.775310000849	70.85081	56.9497365642962	-157.99968955738	10.41003
A	147	VAL	-136.887465166263	86.70206	70.5731579138541	-155.708729335881	2.531082
A	237	LYS	-136.509536886584	69.81034	59.8928200264341	-147.982339826181	18.86374
A	218	ALA	-132.061963431654	55.90968	49.6948663974106	-139.858964506577	4.961683
B	468	SER	-130.743084528376	76.09826	64.0921474272692	-144.221107217875	2.481076
A	167	ILE	-130.525915586288	101.01215	75.8958689485645	-163.312516213308	0
A	63	PHE	-129.148486878249	71.95263	56.98006619983	-149.433556797239	0.987656
B	418	SER	-128.390388387374	59.46393	52.2117393945825	-136.53232177817	8.844069
A	49	GLY	-124.457156021513	39.1013	36.0276728284401	-127.880177797314	0
A	68	SER	-123.534077399038	51.63368	42.213722868351	-142.841673039995	15.5924
B	467	ILE	-122.255632779556	76.70855	61.4501739642268	-140.524443280408	3.916922
A	166	ASN	-120.848940080728	90.62462	69.1223157339567	-148.15066152496	12.50452
A	184	TYR	-120.50265719765	118.64046	82.7284998120168	-168.98478940426	22.395591
B	417	VAL	-120.021951878325	42.8797	40.2779799767733	-122.71682681273	0.50774
A	70	SER	-118.825697706806	47.36024	43.4150269581068	-123.000128908478	11.28081
A	217	ILE	-117.301958447734	80.18441	59.528687235693	-148.586944917438	17.84376
A	12	VAL	-117.064290287247	62.58087	53.3428364374408	-127.79148271307	0
A	116	THR	-116.39373440019	61.72039	53.4702165650171	-125.273596688627	14.86612
A	216	ASP	-115.386881001841	65.26189	53.5655106456956	-130.533499055433	1.0907764
B	384	GLN	-111.314851452673	60.72798	52.0421392680478	-120.788109180956	5.226457
A	197	SER	-108.656639214084	60.0057	46.5849920550001	-129.407731437563	13.36951
A	179	LYS	-103.822955615409	95.76825	53.8522893538603	-198.452121234412	33.80976
A	53	SER	-103.127143434536	92.59445	68.7684982378572	-131.360172363753	16.674628
A	110	GLY	-99.0144769360368	51.69989	43.5556303606409	-108.233565433133	0.5516617
A	165	THR	-98.4757543209239	62.58272	49.841772882055	-113.769538601192	17.50602
A	57	THR	-98.301248900139	40.91705	36.4536590672529	-103.429705027481	4.558063
A	239	GLU	-94.6855125738845	70.33445	54.4674723372257	-113.437139825308	14.29146
A	222	CYS	-93.4531729649693	95.68269	67.5160799885714	-128.973357118778	0
A	103	ASP	-89.4651047589363	52.16975	40.8701868245575	-104.446817922627	1.366445
A	195	ARG	-85.9163704418751	112.11482	75.2632194131127	-140.002570821377	25.439512
A	33	GLY	-85.5018265050339	48.13593	37.7499767164445	-99.2188811049296	7.8248145
A	83	ASN	-84.4251839421611	60.27088	46.8519948377171	-107.999757654395	13.23525
A	23	THR	-84.4014918308282	67.73208	50.5117767743424	-107.640186018471	17.585107
A	107	ALA	-84.2456232706873	56.8349	42.8736916007963	-104.501859430486	11.31697
A	185	ALA	-82.977791224058	77.04768	55.9341771375334	-109.064450944735	3.97726
A	231	THR	-80.3192345057852	73.3789	53.5095852126062	-105.837277858603	8.17848
A	224	GLN	-79.713590076454	118.41241	76.3901870473689	-140.598267577535	2.39138
B	438	ILE	-77.9114511270693	27.94351	24.5290301927868	-82.5426909700102	0
A	144	ILE	-77.9021676997425	50.68271	39.1158027794504	-92.1179453581424	12.52793
A	199	SER	-74.3769793950206	57.15782	43.1092550518978	-92.3269319781816	12.27731
A	7	SER	-73.6370893846827	39.12077	33.3274504889125	-80.3556592649817	10.53642
A	189	ILE	-73.0384977546284	84.64914	58.6099064713237	-106.543490271438	13.207166
A	29	LEU	-72.657813828899	86.4293	58.8815264487606	-107.509746702995	2.721479
A	146	SER	-71.2634770913782	54.47786	41.6567319307107	-88.5839658564568	18.84474
A	114	LEU	-71.0280895651839	64.20066	46.1469559176615	-99.9354753609942	23.5495668
A	138	LEU	-70.107657225053	117.04723	74.3508964751601	-128.147827636007	7.699209
A	77	GLN	-68.9227355455959	56.65745	41.9974548428541	-88.5550258356698	9.48219
A	198	GLY	-68.554385679649	55.22917	41.8355128499985	-85.4426038510807	7.6456059
A	34	VAL	-68.1747745316907	98.60439	60.5400168579546	-139.779310162932	1.19068
A	90	THR	-64.5701456667515	84.42315	53.0923387228879	-115.060547593872	20.78978
A	156	SER	-62.7505684230807	65.9173	46.4888001162407	-88.1092566598984	13.672267
B	443	LYS	-62.606884567748	48.96486	38.0925094553083	-80.7854122412108	19.01943
A	9	PRO	-62.4172697295608	48.37769	37.0536070044643	-77.4339676148182	7.81707
A	157	CYS	-62.3153693416985	92.8001	58.9613612186542	-110.249467247017	0
A	192	ILE	-60.7976923369822	57.57233	40.0869910956125	-86.2169907035035	9.5276953
A	211	SER	-60.5910809081423	43.61251	34.8331121664053	-70.4268992629669	12.97985
A	154	SER	-59.8588425063304	48.52835	34.9598840706009	-77.5199343480187	14.04123
A	19	SER	-57.6016316646384	50.24776	36.0294696863687	-77.9266285593429	20.479286
A	112	GLY	-57.5944541699905	38.33664	31.235058292681	-65.4970173238245	1.631299
A	163	ILE	-54.9089221271847	88.8055	57.1159272798598	-94.8214913828829	0.336074
A	229	PRO	-54.2652541403293	67.82803	45.3173868873984	-84.9318201507572	14.276769
A	183	ARG	-52.5395899659049	82.27643	50.9940020979965	-98.3221052547027	15.028346
A	226	ASN	-51.84399508924	101.64979	62.6826381379675	-117.450664728578	31.328886
A	150	GLY	-50.0738120180083	36.80961	29.0036526541771	-60.3606114753016	12.53287
A	4	LEU	-49.168461957494	121.87441	69.507716768214	-138.224289288738	7.5727667
A	11	LEU	-49.1000361266394	35.1302	26.4993356696337	-60.4718567848942	9.31051
B	440	SER	-48.9734646084956	23.87516	20.7469558294714	-52.4060547650442	0
A	5	GLN	-48.0521872581998	66.8945	43.4670113008638	-87.7871089164882	20.96752
B	441	GLY	-47.1528506810998	34.75615	27.3407373743868	-55.8119002215504	2.3332327
A	202	GLY	-46.5024927482971	41.6779	30.1631502516687	-60.5980472400746	7.67782
A	89	ASP	-46.4916130045165	54.66739	36.7290949904202	-72.6501872840524	1.8338383
A	152	ARG	-44.3800475452571	56.42615	37.906080974403	-67.9118692311635	16.67849
A	164	GLY	-42.0908918556979	24.66302	20.245172439954	-48.86902815032	6.92198
A	139	THR	-41.1545179249395	53.58667	36.5566654207248	-61.7367142383394	12.0881
A	210	ASN	-40.5112136482196	77.81204	47.8759271031205	-86.1731660651098	28.37455
A	10	GLY	-39.1538330856562	36.59322	26.8339833457324	-51.9813633383256	10.15996
A	108	TYR	-39.0183830593133	122.2346	69.9825756156323	-129.57683527954	30.775887
A	15	SER	-37.6596770083523	42.09708	28.4060799465406	-58.3970741759117	14.46935
B	469	ASN	-37.330901256029	23.40471	19.1567386011457	-42.109255366019	2.56653
A	84	SER	-36.7560852940497	43.54379	28.8173253765595	-58.8715564464838	16.546133
A	101	TYR	-35.9295685087697	158.49299	87.5953830413604	-137.949886429774	16.468683
A	98	ALA	-35.6784091604359	50.1245	31.3109072109769	-68.3876264797912	7.84762
A	16	GLN	-35.3517701945911	17.64938	15.4603637538886	-37.7076169626639	0.541552
A	240	LEU	-33.6594630800894	90.09396	52.4438704171348	-91.1292159530473	20.30501
A	66	ARG	-33.2538106390456	107.05802	60.1339310065799	-123.760963668253	26.992847
A	233	GLY	-32.8967117658006	52.73014	33.6262903536177	-58.4704430045853	2.879752
A	177	SER	-31.0665944264593	44.48544	29.3119020756638	-50.8950569612471	10.520432
B	409	HIS	-30.9396708181774	70.563	42.8495291238695	-66.350288725981	7.466233
B	349	PRO	-30.8010276124585	37.59039	25.426621434989	-46.3515686175952	4.682336
A	186	SER	-29.8109198684635	25.52286	18.6513863451004	-39.1547468193682	10.09904
A	17	SER	-28.5818484999052	46.36538	29.2817731424463	-54.1489742627464	12.218471
A	203	THR	-25.6911023498763	58.50359	35.6235845611062	-57.4895028071858	14.73549
A	142	PRO	-25.3459527938846	35.20882	23.3492178140545	-40.602088993918	4.46635
A	149	PRO	-25.2382048727069	52.5409	31.7309438475132	-52.8834546541668	14.910688
A	8	GLY	-24.6347168857387	26.30785	18.7093212573355	-33.8702712438931	5.88733
A	241	LYS	-23.0652786874726	85.5874	49.2434651040867	-86.4644181566252	30.490042
A	99	LEU	-21.7304766101763	120.5155	65.3049922648665	-111.360992575397	39.520549
B	382	LEU	-20.0075831541799	13.5572	11.0346914566517	-22.7986539798667	0.461448
A	54	GLY	-19.185254510842	60.23401	34.2582771536494	-58.5423105929065	14.055393
B	412	PHE	-18.7243730303895	21.69876	15.2508438043571	-26.3856681891413	1.29142
A	40	SER	-18.1345798387249	33.01702	19.1861867354777	-42.1362806731278	8.22278
A	30	THR	-17.9778154356693	52.58784	30.2308105842519	-51.9402273070943	23.94733
A	111	GLN	-17.6514561274877	77.51955	42.8566960811934	-70.9160181186833	32.12506
A	235	GLY	-16.5114101278147	55.05677	31.5194660931909	-49.9427432619841	12.30109
A	201	SER	-16.426872961285	18.3451	12.6706923821092	-23.4869916834364	7.15941
A	188	SER	-15.5585944739916	16.0625	11.7516515035555	-23.6311585130964	7.02804
B	465	LYS	-14.8309655794719	51.12102	29.1335124322104	-44.0852291731953	14.55908
A	140	GLN	-14.459545221699	110.28058	58.6202930643034	-86.9261479287081	9.190484
A	159	ALA	-13.2680382989658	54.84146	30.7263851862633	-48.5402794568755	3.60672
A	31	ASN	-12.8016252940903	102.29135	54.7509246805586	-85.1716344698113	17.1751
A	200	GLY	-12.5768848762297	15.56602	10.6590600327599	-18.6442821998845	4.25563
A	213	ASP	-11.6274667708898	25.3903	15.5522582341492	-24.0728107288766	8.91075
A	151	GLU	-11.4870973086568	35.71551	20.0235347617617	-47.7971980854867	8.06364
B	385	ALA	-11.2303261385035	8.99851	6.99145564960003	-13.5012821415003	4.48743
A	73	THR	-9.56292267535117	42.38265	23.6381100968793	-36.197576553322	13.278485
A	72	ASP	-9.14678278840874	14.64351	9.52898981836796	-15.4542600399759	3.43647
A	44	GLY	-8.14689412929243	33.5314	18.7792034488365	-27.7994184364318	8.08090445
B	415	ALA	-7.41989273304516	6.84321	5.11394000360727	-9.41322930313918	0
A	143	VAL	-7.36209152880465	30.50682	16.8471083078665	-28.1890831648077	10.60186114
A	204	ASP	-6.81071861083008	26.73317	14.9673919014552	-23.7870726287146	9.79208
A	160	SER	-6.72991029823525	45.70385	24.7173559256846	-40.9297347829501	15.664619
A	14	PRO	-6.68927103713033	67.93768	35.2788107487062	-53.6489331935929	15.1861
B	348	LEU	-5.26192963939532	15.1679	8.88639629290104	-13.3715952871923	6.1681
A	158	ARG	-4.54253871117519	102.60345	54.9449220368944	-91.1832645274716	29.917082
B	470	ARG	-1.95376804129206	5.17634	2.99009948165581	-5.55830884134322	1.74009
A	3	GLN	-1.76405489252354	36.495	18.5326699139774	-27.4085164281389	5.56854
B	408	GLN	-0.870158055042975	15.84372	8.43526103553235	-14.6689199986901	7.13183
A	61	THR	-0.285401121951444	15.84414	8.11913768648028	-11.9586862029768	9.22671
A	176	GLY	0.208297358330237	6.9115	3.40367960159481	-4.6873227324205	1.56357
A	141	SER	2.81932130487081	58.13122	29.5570921040961	-58.1905129343782	13.67339
B	350	VAL	3.37053705804826	1.51621	0.14813960226275	-0.155885373744647	1.41806
B	26	SER	3.62771820261545	2.81615	0.608740157216787	-0.685875846144718	2.43632
A	75	LYS	4.0480932032638	6.3829	2.21203709821403	-2.71592136013424	3.71796
A	148	SER	4.12502734895983	27.43402	12.9848970148301	-18.3863878821888	9.23396
B	466	ILE	4.30838512587144	13.92016	5.90351873263419	-7.73302766357677	8.63272
A	162	SER	5.56576170127312	41.47829	20.4989153410909	-30.234582558078	21.26145
B	17	LEU	7.3089076372345	27.33662	11.8595013015366	-15.5876699316755	6.93551
A	194	SER	8.36803173583072	7.56093	1.87872450439364	-2.15981556628025	4.83891
A	174	THR	8.50270107752477	4.18372	0.539306389171183	-0.589474871894775	5.94326
A	118	SER	9.07911083216677	44.71719	20.1588709337112	-27.0585741885832	9.38836
A	137	LEU	9.31031306154578	46.93025	23.4109468925343	-39.8291505150301	20.758552
A	214	PRO	10.7707134995349	37.7463	16.244441038835	-21.4718414929551	14.49953
B	47	GLN	10.7974900432435	4.93044	0.496274818987548	-0.523064807176151	3.65122
A	234	ALA	11.2386038398501	37.43548	16.0975876452443	-21.8314956058323	16.18649
A	136	ILE	11.6190623770986	130.63043	62.3116419673985	-91.1104437344591	12.988899
B	29	ARG	12.6402585744903	10.4629	2.40685323113799	-2.73513500156629	2.36402
B	472	GLU	12.6732224003689	3.9317	0.157436221176945	-0.161027929655462	6.191
A	86	GLN	12.9528485577905	40.69507	17.5971388479046	-30.2073509245457	15.43071
B	411	GLN	13.7996303088752	15.22949	5.35074648806797	-6.96539299357244	8.35724
B	15	THR	14.3452831290983	8.78701	1.50292944947764	-1.66375572877857	7.7801
A	193	PRO	14.9390685653556	5.40851	0.321899920616746	-0.331917854077872	6.374728
A	13	GLN	15.0563801111275	24.58644	9.00252513317317	-11.6916492190778	6.42613
A	135	ASP	16.2187028348062	49.328	21.3031927907149	-29.3685223503174	19.9629
A	123	GLY	17.3384655182029	14.2222	3.24397894175947	-3.68199556499671	9.936
A	2	VAL	18.033677151292	92.98153	43.2791959360555	-64.0204792575003	12.8427929
A	215	GLU	18.8597373926647	37.69511	14.4991510006675	-18.734016622044	13.62024
A	55	GLY	18.9505089174654	37.26719	14.4675347555244	-19.4575590574722	13.323726
A	175	ASN	20.2036475593549	7.35019	0.55439897007132	-0.582481271967566	13.81337
A	227	ASN	24.167903078392	91.87865	40.7515937545749	-64.4824255333603	10.898087
A	128	GLY	27.5465848265061	10.9302	0.813778566075861	-0.845665335354703	5.20277
B	25	LEU	28.2926796456712	12.0506	1.13670628126465	-1.20134263321562	13.25956
A	62	PRO	28.3208231499319	13.42168	1.4895952377747	-1.58564004867843	9.27568
A	24	VAL	28.4452755133703	51.0072	21.2981160775029	-30.8386153679546	1.7307
B	22	ASP	29.3650687849806	37.29942	12.0338173871215	-14.6943724227053	6.883883
B	353	ARG	29.5416819051187	23.67422	5.28305832278758	-5.97911436413528	11.10234
B	471	GLY	29.5787055994932	33.76268	11.4040573369404	-15.0069431644544	8.63185
A	119	ALA	29.6130329574643	32.36155	9.91715958694637	-12.370680346883	14.89295
A	125	GLY	30.9427166927926	27.95527	6.94728811343417	-7.98797199373161	10.1951
A	76	SER	31.4761643553839	58.43525	22.4472596858066	-29.5331494504437	7.849777
B	18	GLY	32.2780999464362	50.48543	17.7414233738746	-22.2353484509186	1.990426
B	16	GLN	33.2744543495473	40.93575	13.8600219540583	-18.0742358660176	10.00551
A	131	GLY	33.5218478548346	13.7574	1.10638326028883	-1.15341043553574	11.0949
B	20	PHE	34.6042307832143	44.2786	14.3345744836673	-17.750993855127	11.43475
A	87	THR	35.2572323974239	74.48031	29.4577713453713	-45.7921439235488	30.59119
A	41	PRO	35.5618813457381	36.24741	10.0844841647655	-11.947843842205	14.912493
A	25	SER	35.7430928806002	40.47803	13.4596665790758	-17.4481389752166	11.26463
A	28	SER	37.7296358453455	54.64914	19.349991095341	-24.8013263718992	16.187397
A	100	THR	39.8195984654238	46.60771	15.1921151681514	-19.2226310718731	23.85353
B	473	ASN	46.4674682952805	41.6343	10.9780123629227	-12.8990369098028	18.97185
A	126	GLY	46.8418173162268	21.50325	2.31691093884408	-2.47531233954055	11.95692
B	50	TYR	56.7595579575635	27.527	3.10640849497169	-3.29610089021634	8.37571
A	129	SER	60.9598739947816	60.06411	18.9542959738286	-24.9532435241855	34.69336
A	173	ARG	61.6871737512332	78.28186	27.7206394252983	-44.7084089592109	31.373018
A	127	GLY	61.8974694533971	34.71008	5.32293509099483	-5.83802632975567	8.12362
A	32	TYR	62.5168840962529	140.2217	56.2554270421474	-77.2225404868174	16.388376
B	474	SER	66.2306872640927	26.78968	2.13211772603396	-2.22577008711366	18.97316
A	97	ARG	66.620422462284	172.7084	71.2092187119583	-127.113240365286	7.2796694
A	134	SER	68.1488303558187	33.73614	4.7458143510972	-5.31908133446306	20.05291
B	19	THR	69.4616407166747	47.74436	10.9143689053766	-13.9550144680268	3.795123
B	21	GLU	69.5521442071685	46.6233	8.99720890568942	-10.2001668523024	13.22438
A	26	GLY	70.3217458350375	55.69728	14.3152246050088	-17.5990282646549	9.694125
A	161	GLN	90.9457287069838	89.76293	27.4765032552157	-36.1157311278585	32.51005
A	27	PHE	105.206605192818	76.49152	16.7844359852372	-19.3875032372409	6.190598
A	88	ASP	109.255781905354	78.7914	17.2662314767542	-20.269825089605	32.86087
A	43	LYS	117.674019311131	47.50982	3.9720881132232	-4.19853531032651	25.44859
A	1	GLN	142.16015057966	75.45897	10.1782673069175	-10.9852869304636	22.704925
