chain	seqnum	resname	area_pseudoenergy	area	area_expected_to_persist	area_goodness	boundary
A	41	PHE	-200.278390081529	103.69177	83.9325208799583	-229.257973953725	5.430941
B	101	TYR	-133.691014639355	85.75926	68.9428371352351	-154.065587428858	2.7062356
B	69	LEU	-101.109790712701	69.20232	54.6255750844359	-118.699726989235	0
B	98	LEU	-81.5398931773772	25.40692	23.4978361110616	-84.7860765875644	2.86442
A	45	PHE	-80.6721706646108	53.7819	43.2817602866173	-92.6076528583588	0.843001
B	14	LEU	-72.7203031614633	75.07935	50.6833330212325	-108.361858503022	13.65358
A	24	ARG	-72.4786644435671	92.17103	60.7551170380077	-117.7760194871	4.295313
A	38	ASP	-65.7513731905786	59.91273	42.9800677705513	-91.1247338510586	5.910139
B	128	ASN	-36.1899843523871	59.22084	37.1194460379308	-66.9007150093777	6.735912
A	27	TYR	-36.029910203061	120.81231	66.8495778170045	-123.354026296976	9.585967
B	127	SER	-35.4497189128808	16.9963	15.1183551032186	-37.4397493593855	2.67158
B	99	SER	-34.9804404891916	28.95331	21.2512952418691	-45.1625980867235	0.702002
B	125	ARG	-15.1644489378217	48.4384	27.926000734061	-42.3138100892367	6.991821
B	19	THR	-12.7828664974415	61.1217	33.7073515480995	-49.95385026511	7.248974
A	13	HIS	-10.9005419170558	49.772	27.5711716312289	-40.700164102853	5.960288
B	89	TYR	-10.6492391951394	10.3612	7.63091104056835	-13.8183243195655	1.38501
A	42	MET	-10.4568960697575	31.1135	17.9911021310961	-28.1826841723732	0.6906186
B	45	TYR	-9.72062198729212	39.82441	22.2298718359563	-35.2302554541045	6.300836
B	47	GLN	-7.08525574610915	37.00282	20.3647077294311	-30.6883493513703	7.47075
A	49	MET	-5.60513405301219	32.54463	17.8103049700271	-27.031368592608	1.9450535
B	68	ALA	-5.03378492245412	4.81706	3.56371829790115	-6.48545083864674	0
B	130	PRO	-2.29010778563304	18.6096	9.87660551462174	-14.0794512011593	0.904094
A	28	MET	1.23883996123697	5.45926	2.42124223757148	-3.19971595204918	0.981707
B	18	GLY	1.47748493215307	31.4134	15.4581872587919	-22.5619645509933	12.19382
B	93	TYR	5.86738119584163	1.44692	0.0246536158379167	-0.0248660651459888	4.56444
A	54	GLU	6.46046604841945	1.68805	0.0359674715072848	-0.0363561844751921	3.52367
B	349	PRO	7.00839283265343	2.55105	0.153679558281787	-0.158503246057738	4.85703
B	102	ASP	7.11743870956742	16.84568	6.76561962249219	-8.86748886164733	6.606208
B	71	THR	7.13207656401943	10.20753	3.73042189826369	-4.98285423954612	4.85719
A	16	GLU	7.22079570872536	39.78254	18.1957069778782	-25.0479453240949	3.58038
A	58	GLU	8.27197624828839	2.32802	0.0648009057309478	-0.0657198720944799	2.89311
B	325	LEU	9.04326524440131	2.4839	0.0634935431640595	-0.0643191552438599	4.15807
B	21	GLU	10.1481724119413	2.90778	0.0860641948433965	-0.0873635579610995	4.04056
B	22	ASP	10.4060094584223	17.133	6.0421268491745	-7.45086580593961	8.32317
A	17	ASN	10.4410652618113	14.642	4.81599393862486	-5.84013097040936	1.20853
B	355	ASP	11.389277900099	4.27925	0.279362152226269	-0.288898320733654	5.5184
A	35	SER	12.4021963805646	10.0821	2.28017138937861	-2.58495580309625	5.99363
A	20	PHE	12.595264239289	64.53276	29.6937355768853	-42.273815153394	21.22533
A	34	VAL	13.2171592064426	16.01572	5.13333595785901	-6.31061607092188	4.45722
B	441	GLY	13.7802895054957	9.1863	1.67569038370997	-1.85008965402428	7.032
A	85	LYS	14.5220621835688	3.47587	0.0524794684616104	-0.0528796752660423	6.78099
A	48	GLN	14.803257909597	44.2767	19.5556935850304	-26.7199839216876	18.18602
B	153	SER	18.7888277760058	6.53724	0.349400522186011	-0.359084491043744	9.14962
B	159	HIS	19.9978628787535	6.65038	0.315429438116178	-0.323258473076389	8.16068
A	26	GLN	21.5583155047094	18.3819	4.34454398507774	-4.95657680036753	6.67711
A	12	LYS	23.7472651800511	29.72048	11.4893654479878	-17.4095745935664	14.83611
A	9	ARG	25.9588643008899	42.8586	15.1857729915619	-18.8462788890317	18.07372
A	33	ASN	26.8617042914289	14.1699	2.03537438502908	-2.22228993608307	7.00954
A	59	GLU	28.6405511094139	14.76155	1.92839142056275	-2.07622541591058	9.71465
A	63	ARG	30.2199559852404	13.8206	1.39534694734812	-1.47091670827539	10.3421
A	37	TRP	30.8855340807384	46.26466	18.8951054882375	-28.7578814287334	27.90538
B	155	ASP	30.9582028518397	19.49811	3.62217797031537	-4.0619915627369	9.654285
B	15	THR	31.8861454465012	29.74941	8.66172066747889	-10.7916103411306	14.0127315
A	23	ASP	34.621802326646	39.96695	11.8937859599754	-14.1983169779172	11.70474
A	52	GLU	37.6504835115075	26.81917	5.79525820350647	-6.69096584447573	9.64088
B	20	PHE	37.8697966993461	50.528	17.2908598685369	-21.8957131580122	15.13282
A	3	GLU	39.2370798842374	35.4319	8.79976084423512	-10.1155884424663	21.8076
B	443	LYS	39.2370798842374	35.4319	8.79976084423512	-10.1155884424663	21.8076
B	16	GLN	41.4223794641942	65.50156	23.0319969438541	-29.0247902513263	8.161166
A	6	GLU	41.9509742626815	24.32905	3.76507468835264	-4.10437359497618	17.34307
A	51	ALA	42.8641382729364	22.4873	2.91017461691499	-3.11649001404259	8.30876
A	44	ARG	43.2290722393274	22.83031	3.00910773821264	-3.23184380948941	12.95083
B	350	VAL	43.808667565414	19.0548	1.73776911149919	-1.82218340253707	11.8346
A	62	ARG	49.3981844220747	28.8124	4.39631085323095	-4.7702830487413	10.071
B	418	SER	55.0048151609731	27.7991	3.42447940113991	-3.66333376462755	17.90639
A	2	GLU	55.5921951541418	30.6673	4.30280332745612	-4.63624126722449	19.853
A	47	GLU	58.6259661367126	30.5877	3.92242639190108	-4.1977293889806	15.7345
B	468	SER	58.9780207355948	31.83155	4.363055178307	-4.69810815182423	22.59978
B	157	GLN	59.0754944452662	30.81305	4.08490471083999	-4.40818013186164	8.884784
B	90	GLU	64.173083868909	34.73591	4.76001810082376	-5.12627516595494	15.032979
A	31	THR	66.4310778123102	25.70817	1.83870557085	-1.91075552622566	13.18877
A	30	GLU	74.4227639457267	40.5959	5.76552353274822	-6.24960083046637	19.69851
B	103	ALA	86.5041765548096	69.92663	16.5286761411265	-19.1187046097222	21.19927
B	105	LYS	91.6520532531055	68.735	16.1664497094378	-19.35073724236	18.21272
A	55	ARG	106.678909392198	57.56896	8.50970742128138	-9.35743822391944	30.26663
B	353	ARG	120.976363076692	74.06082	12.5228940868791	-13.7883419739686	27.87143
B	357	PHE	132.279552438754	61.76393	7.12655364070462	-7.6151948801332	37.21185
