chain	seqnum	resname	area_pseudoenergy	area	area_expected_to_persist	area_goodness	boundary
A	74	PHE	-410.356359671289	151.64696	137.285674092187	-425.97853303008	2.227465
A	101	MET	-398.275422817227	135.96366	123.766331442939	-412.120559210868	0
A	89	MET	-387.636197118697	118.76646	109.995921507375	-398.896515985327	0
A	86	LEU	-346.622847856671	126.19279	113.499605151475	-361.242832191881	0.702866
A	88	VAL	-344.284860962445	107.8146	96.9408039893781	-358.085050233415	0.483291
A	87	MET	-342.613384840047	109.34074	102.609411824648	-349.809397420662	2.96868
A	34	ILE	-319.032440894631	118.43262	107.4678155232	-331.193815849688	3.0822366
A	72	TRP	-317.17077711234	149.3536	117.736398776444	-362.416909226237	3.871516
A	69	PHE	-307.469155715901	128.20795	112.074810951068	-327.45862685186	3.709916
A	53	LEU	-306.699536415446	142.06361	120.342457095512	-335.162905510927	2.7327523
A	126	LEU	-305.388302062547	124.60592	110.260712477556	-323.804078997924	2.847172
A	91	ILE	-299.561042001248	116.85944	105.47634185973	-313.409613342669	0
A	105	LEU	-299.329297377639	116.57056	103.314710892833	-314.447331304384	3.832235
A	32	VAL	-293.063790889999	98.33398	90.9005385941002	-301.712441772721	3.846326
A	31	LYS	-285.154524641641	129.01104	106.740804806474	-316.718046888842	21.93835
A	37	THR	-284.409646185416	108.16308	99.1599523196739	-293.967764823946	24.077788
A	30	VAL	-282.671771794986	113.97163	102.729511521478	-295.064313594399	0
A	83	PHE	-275.634701386111	145.4833	119.272325849635	-310.331164222339	0
A	52	TYR	-273.745027102115	146.74808	111.266307820581	-321.212154569724	8.253516
A	103	VAL	-273.744413140852	102.256	91.5332948365396	-285.715572692421	3.896872
A	84	GLU	-272.851289721711	116.34205	99.7101480573469	-300.571729369525	28.791533
A	124	ILE	-264.383760764296	112.37066	99.2292540299886	-279.004306828734	5.207462
A	102	VAL	-261.835454502063	105.74327	94.4197162975687	-274.906029029124	0.520887
A	38	TYR	-257.691590195219	125.95317	108.344079358515	-279.673015805353	16.57141
A	99	VAL	-255.153963982619	106.52784	93.4228388289124	-270.271812573409	0.0577011
A	85	VAL	-251.724812230724	96.37738	84.4913384796947	-266.894328033087	3.167004
A	118	ILE	-249.890669163724	114.33346	94.8879101468611	-275.648158236041	2.232124
A	36	PHE	-249.213413705794	136.18693	111.931722279428	-278.719568521865	0
A	54	TYR	-248.315749413374	121.55996	101.732566920082	-278.923227205905	21.70683
A	109	LEU	-242.614741050194	130.02963	109.225682824698	-267.133459376125	5.734132
A	127	MET	-238.259824315078	104.19345	89.1696417618068	-260.066319744189	15.261371
A	106	LYS	-237.615561550942	102.9627	85.0507871626127	-260.80217966448	31.95883641
A	135	TYR	-235.433385415468	128.55691	105.685503160573	-265.327893195612	17.57082
A	16	LEU	-217.891485875671	85.31989	78.1744078247893	-226.007590028294	0
A	107	VAL	-217.711140698722	91.55801	80.4738577318895	-230.740349266199	0.165151
A	104	SER	-202.823285600961	83.90363	72.4710929888216	-223.726189694688	19.687391
A	100	ASP	-199.326516793035	108.42577	87.8800540565279	-223.734842824889	6.771507
A	10	ILE	-198.996447810393	118.06005	88.1136795642476	-239.533386018136	9.920361
A	116	LEU	-193.021974422724	101.24018	84.8965585621905	-211.673904561714	13.84088
A	33	VAL	-192.465605038007	93.91884	77.8932847570115	-211.576014687287	8.153306
A	125	VAL	-191.935838323665	103.93227	87.4123944739026	-210.336451743694	2.56107
A	121	GLU	-190.202552569873	101.76884	77.154484928568	-226.907992037041	34.84571
A	145	ILE	-189.646961060154	94.98506	79.599111993292	-210.574445841501	16.38324
A	8	LEU	-186.8402478478	109.96228	87.7472578805353	-220.26720951963	17.80848
A	44	ILE	-185.509968859908	121.01986	96.8071013633213	-214.133379890276	5.52673
A	76	ASN	-180.15688349059	96.48478	76.4404520071113	-204.992503398205	4.996706
A	143	LEU	-179.468523479642	117.76483	87.1557411196139	-227.382600023373	29.102893
B	467	ILE	-175.894202236268	92.96066	78.5897890484495	-193.51039174679	4.065742
A	108	THR	-171.533201341323	68.57664	60.9593759454322	-180.478461889133	15.284172
A	61	PHE	-170.80770320239	118.71416	94.1490752730656	-199.029204699276	22.283249
A	151	ILE	-167.629063555382	102.65	82.8682732839939	-194.992619720062	22.98806
A	24	PHE	-166.927859569096	115.38049	90.5630416694027	-196.371547292924	13.14968
A	117	ILE	-155.732610394703	90.12724	73.7576926432508	-175.516276254028	10.22748
A	6	TYR	-155.522342256163	79.54321	65.8183416685563	-173.608528402116	15.83255
A	12	LEU	-151.566271032377	84.85034	63.4277645700407	-182.90769371378	7.9713725
A	90	ASP	-149.564778196435	107.86099	75.5951797969473	-202.900414883782	23.0881741
A	122	THR	-146.508579708705	96.92457	74.1765005784202	-175.754709541892	2.3484059
A	20	LEU	-136.754564447808	101.48861	77.6354822357808	-166.490475567667	0
A	98	THR	-136.170004246484	87.70187	70.5663555163832	-159.098852956752	22.69629
A	23	TYR	-133.822097507633	124.91472	89.7772964882493	-178.68795756829	11.268365
A	144	THR	-133.372889132422	72.37051	59.5771935875788	-149.029944776841	14.21514
A	73	PRO	-131.454393942048	90.13539	70.0492886303012	-160.362080611873	23.90154
A	120	VAL	-131.071292344034	101.92955	75.1794297503012	-170.005564960657	16.71860341
A	81	HIS	-128.588794161571	84.39055	65.9589410830706	-151.672115504539	16.660782
A	49	ALA	-126.827610158662	78.37739	62.313167579152	-146.805895507274	2.1023833
A	29	ARG	-124.061280872245	136.44635	88.1611891656703	-222.286758344323	35.171587
A	92	LYS	-123.932341244226	75.96506	61.0837358515961	-146.916401947443	22.2840403
A	47	VAL	-121.212369811258	99.77133	73.6853055184841	-154.737250057182	9.21151
A	42	LEU	-119.880805882353	99.39191	73.7709929557306	-151.991069535969	15.713492
A	119	ASN	-118.816827800526	85.99646	59.4825288019896	-158.038898682463	25.001431
A	28	TYR	-115.951367735321	138.8516	95.1202193645526	-178.012783091533	24.616746
A	35	THR	-115.331523501242	101.47803	73.6609761189745	-156.004446950656	22.605293
B	438	ILE	-114.383308846289	32.2314	31.2644033266425	-115.367214633659	0.076832
A	50	GLU	-113.414078714822	121.1592	77.452186229537	-189.356561033154	21.495763
A	93	LEU	-110.736366588155	84.45898	66.2799263417828	-131.33449962114	12.71937
A	155	TYR	-107.917506085405	146.6299	94.0291878505597	-183.450416016697	20.534864
A	134	GLU	-107.669526105286	102.52768	72.8138700111334	-159.829605199075	23.872686
A	137	LEU	-104.573471765587	138.53767	83.522744266825	-201.307742811949	18.022334
A	46	LYS	-103.520658872847	98.496	59.346352332327	-183.877211639453	33.71319
B	417	VAL	-103.384112822013	36.90829	33.7788689360422	-107.643883025727	0
A	75	VAL	-95.8633041961557	86.29261	61.7661346776865	-131.384649178791	19.575635
A	68	PRO	-95.486496041021	89.80098	63.1936354646645	-133.606917495686	20.993683
A	110	ARG	-94.273725389349	92.43578	62.6563991842856	-143.201987049887	19.0133
A	51	GLY	-92.9287936608404	48.63697	41.0205847446758	-102.065887534811	0
B	409	HIS	-90.7921563377633	63.2401	51.0148024992704	-104.407022873389	10.771986
A	139	ALA	-87.1247611181703	68.73774	50.182612355659	-113.198426838866	3.649359
A	17	THR	-83.1023557199945	47.71706	39.409873188982	-92.968175760951	2.27773
A	161	VAL	-82.3411430573482	62.66109	47.8547269759321	-100.805061151358	11.9599
A	13	GLU	-81.5447577969422	74.06478	53.7228902054197	-110.477640729028	18.99332
B	412	PHE	-79.8079247775752	31.95107	29.5151286316282	-82.342479733835	1.07886
A	5	LEU	-79.4875145426918	67.9479	50.3655080020249	-101.535345978174	14.4056
A	60	GLU	-77.7428639713928	85.13031	57.162486909737	-121.593448376416	19.161656
A	136	HIS	-76.2077341628536	107.86752	69.5453622121747	-137.68495324273	33.923782
A	11	VAL	-76.1806869193777	35.12235	30.3007411639363	-81.5957490006815	4.66026
A	178	ILE	-76.053744824475	63.94482	44.9784709108602	-107.504617577509	14.2780515
A	141	GLY	-75.6185634474237	53.66711	40.9587952729702	-92.1437839663836	10.11597
B	384	GLN	-75.0865013903613	57.9651	45.019251641953	-90.0680061738652	7.35317
A	7	THR	-70.5194029752688	45.78048	36.6901414766447	-82.1944559222094	13.08561
A	123	GLU	-66.464796864017	111.32281	62.1925584331992	-169.065579057177	47.044995
A	71	SER	-62.027202680238	66.02563	40.9089068592724	-101.281597780263	0
B	440	SER	-58.4810139635699	28.59839	25.1633346805412	-62.1747440024722	0.11447
A	48	GLU	-55.2663152778551	102.31939	61.1358826624136	-126.141450533443	23.09057
A	153	VAL	-53.5032737405555	86.47053	53.5992872189978	-109.873039972623	18.99888
A	82	THR	-53.3671153382703	51.05047	36.6897386231408	-71.4218288562612	10.11414
A	43	VAL	-53.1477148510969	38.1556	29.7797043002367	-63.1382694399362	12.35338
A	55	ASP	-51.4502436470455	40.44429	30.6164256451073	-63.956098944688	9.291607
A	140	LYS	-50.6585011239497	74.42003	49.8162525655836	-91.8930399550689	25.349137
A	80	ASP	-49.8587698603137	68.11991	43.5112026476067	-86.9282198935056	21.18821
B	22	ASP	-49.5908829340886	58.03531	40.0703103964722	-72.3832004273476	3.2680782
A	162	THR	-48.6421803792503	58.05225	39.406187051692	-72.7880532321709	9.58733
A	78	LEU	-47.829119804532	64.8172	40.6193711757064	-81.426402877683	23.87772
B	418	SER	-45.9271013630386	46.83969	33.1107876066241	-64.2574645765304	10.215576
A	168	VAL	-44.0361813347078	69.3836	43.9719741819227	-79.5178441071698	15.33893
A	19	ALA	-42.8181188559036	39.38975	28.8038823706618	-58.4294466070042	4.31791
A	129	GLU	-42.7873117818781	72.71305	45.2285838130172	-95.5300666387748	23.85469
A	26	THR	-37.9787247502087	43.37874	30.1513708337902	-56.9208948476647	6.64983
B	468	SER	-37.0285927389104	61.08993	38.9650175711226	-75.9105142020668	10.521128
B	25	LEU	-36.9463608671622	71.12037	44.5831526059397	-73.6934935116042	14.96421
A	4	PRO	-31.7996486869276	28.63588	21.2978110199291	-40.6600117777336	6.68676
A	142	THR	-30.6762717721824	70.87908	43.2892902495863	-74.5011596601875	21.025589
A	160	GLY	-27.0192918764891	55.00546	33.4950083352447	-55.4821933559438	0
A	152	LYS	-26.832071806567	88.0317	46.4757881216127	-108.703426844606	27.728569
B	349	PRO	-26.2880869610866	52.14724	32.5456559863041	-52.6766527564859	10.872403
A	40	PRO	-25.0369000363177	69.32735	40.4494057194322	-69.0033855544243	25.0338
A	9	GLU	-21.3033961243199	48.13282	29.2535689092027	-51.0923156528944	17.14798
A	154	THR	-20.81065572388	63.77387	36.5015275868651	-62.3888627907787	17.61971
A	128	ASP	-20.8057074872047	50.15085	29.420156110397	-52.3321983735883	13.1052
B	19	THR	-19.3485506371216	45.6059	27.2586385499895	-44.1374583317214	13.588996
A	138	LYS	-18.074833327965	101.91218	57.3468344307245	-109.079447086936	37.413756
A	133	LYS	-16.6847317339588	62.54787	34.2386357682639	-57.535769845855	16.80476
B	465	LYS	-16.61265210255	84.90613	46.6864411396465	-84.3868776548971	17.550851
B	415	ALA	-15.5658354813548	7.03922	6.34416586807966	-16.2976450332262	0
B	408	GLN	-14.627662356773	9.80707	8.00560627617121	-16.6181197334846	0.207347
B	382	LEU	-13.2969315599848	8.32673	6.92437772824585	-14.8325690290868	0
A	39	GLU	-13.18818218536	84.81602	45.2774294020796	-69.086008841335	23.51999
A	22	THR	-10.6521495160944	33.6636	19.3145526302934	-30.3158515653825	14.31575
A	158	GLU	-10.5496726607578	61.20492	34.0355374914594	-75.0771625374353	20.42283
B	466	ILE	-7.6406081193623	16.7518	10.2536121162295	-15.8636591696599	7.39639
A	163	ASP	-6.57618281924557	97.41105	51.0409244545095	-78.7783327801585	36.31599
B	18	GLY	-6.53661659019693	41.15176	22.5239488527274	-35.6122654864386	9.06084
A	167	LYS	-5.67613640828439	49.94739	26.1321010320264	-40.6340921287416	15.97064
B	441	GLY	-5.10333182911369	14.11562	8.62382613952756	-14.8741788324008	3.533519
A	115	LYS	-1.78735519652269	52.98176	26.4887000685447	-40.8169793497661	15.60792
A	3	PRO	0.691784555055853	37.54145	18.5977384173155	-25.6914925600981	13.85144
A	56	LYS	2.59469957754998	39.99684	19.6738496829966	-28.4087331104088	17.42149
A	176	LYS	4.68530177636907	62.59073	32.2507986449306	-68.239620650145	18.31165
B	28	GLN	4.99243967505727	1.26428	0.0239106575313956	-0.0241396541861112	3.03346
A	174	ILE	5.11842378530887	91.15428	43.6601957807639	-100.842340447271	25.88848
B	470	ARG	5.1307581343739	1.47269	0.0438460519209318	-0.0445120126549685	3.11815
A	79	ASP	5.52355944151261	21.2217	9.2377033942759	-12.1271850207433	5.24612
B	348	LEU	6.14354044866031	3.69057	0.587308366878927	-0.639676236732639	4.01583
B	32	ASN	6.45941151498315	1.74872	0.042447681684047	-0.0429713517187029	3.89936
B	350	VAL	6.78257201395501	16.5241	6.58981970705092	-8.40793284359832	7.92527
A	156	VAL	7.30409011578882	76.33783	37.7660999099603	-63.2876767673384	18.01243
A	27	ASP	8.16259786488923	52.117	24.217998762399	-33.9700217699836	23.29317
B	472	GLU	9.64844225468381	2.18398	0.0326103388576757	-0.0381787384826986	5.61978
A	97	LYS	10.0004959079996	48.40396	23.1601672806022	-35.4139283205546	21.84482
A	63	LYS	10.2135485923659	142.43857	69.5094483500957	-116.554063295832	23.783184
A	173	THR	10.3136252835663	38.35009	17.0715256525794	-24.0241876072296	8.04457
A	70	ARG	10.9074155800268	121.37026	50.5255767988078	-149.653198562112	47.069018
B	469	ASN	11.4212137522896	7.17561	1.25056149723008	-1.38237869626568	9.61925
A	157	THR	11.4251781931963	99.42511	47.5054246575519	-83.9557707702454	16.689424
B	473	ASN	11.99823590563	42.642	18.347613366425	-24.0270085439992	21.9114
A	58	GLY	13.4040475539332	6.45545	0.719218562816083	-0.762532502132466	5.31843
A	15	LEU	13.5736771227608	87.85514	41.6251472226189	-62.4620576677879	18.1592859
A	148	GLU	13.6404783600709	3.71685	0.0923484765440226	-0.0935150810716244	4.79107
A	67	SER	13.7849998034046	4.72108	0.246513208270259	-0.253473221167508	8.78923
A	77	MET	14.1027822527442	111.58519	52.6949973353124	-77.7852253048053	24.31792
A	41	ASP	14.3871245946153	14.12784	4.44410609179102	-5.75449179586959	8.97754
A	164	ASP	14.8248683678697	35.9188	14.3586335553467	-18.5074415603704	19.11485
A	132	LYS	15.0016447990306	6.57733	1.01130974356599	-1.13657301386091	7.74446
A	147	GLY	15.3763153519749	6.41611	0.535351842021346	-0.559012072425315	7.60175
B	17	LEU	16.177827241136	23.75067	8.44220391004499	-10.6169243084051	12.64465
B	26	SER	17.3447876470374	16.549	4.66015936052352	-5.57822870794565	8.02396
B	356	SER	17.8973231859004	5.33299	0.179723911267407	-0.182822101278666	6.35072
B	436	ASP	18.0086366751186	7.94782	0.747017836919725	-0.784491527239579	6.08976
A	65	GLU	18.8924669046469	5.6562	0.19355359833464	-0.196942816963368	9.14181
A	62	PRO	19.0707997902781	15.79904	3.9138218392662	-4.5565260116094	5.57019
A	169	THR	20.2562970051743	76.85884	35.2422804003351	-52.8871435448294	13.798982
A	114	ASP	23.9105146050832	10.41547	1.00384952429213	-1.06529874397698	10.20859
B	464	THR	24.425113424429	8.53763	0.595139480734468	-0.622026301198885	10.72427
A	111	LYS	25.5665176959464	46.49599	18.3799147475626	-25.5055422532945	19.79049
A	170	PRO	25.7794162212154	17.79398	3.61254841311501	-4.07984038356706	3.283205
A	172	LYS	27.6053856399485	55.94755	26.5908559681758	-54.8557434903639	22.06563
A	175	VAL	28.2174767481609	40.16831	14.0288667217961	-18.3345963225018	8.06034
B	15	THR	31.3346041141805	11.72034	0.79079004318025	-0.821648005502824	8.3159
A	149	GLY	32.1798838746857	13.85048	1.23779415317908	-1.29693869995355	5.7710815
B	471	GLY	32.6328028037983	20.09905	3.5003091417709	-3.863575011652	16.28187
B	16	GLN	34.5748010754088	38.42183	11.3149203877206	-13.5398473582424	11.0681
A	64	GLY	36.2282481200266	40.2016	11.6237680433273	-13.7323697834164	11.1295
A	146	GLU	36.9267284623413	39.7771	13.1908228470874	-16.6518649181591	21.28005
B	463	LYS	37.7071773321516	16.297	1.4665769449994	-1.53681295190237	13.0918
B	357	PHE	40.5609526060708	20.2081	2.39370788091272	-2.54777334017047	14.6285
B	21	GLU	43.5197454166161	39.96507	10.6269307630244	-12.6374590022929	17.68512
A	177	GLU	44.9102853980279	57.20805	18.4784647806182	-23.7542773703207	16.4613
A	45	ARG	46.7504841698869	97.83245	40.152823240216	-67.2841154520786	41.179458
B	353	ARG	47.0236610942953	79.8073	28.6577739459187	-35.8624205227587	24.54227
A	96	ASP	49.6274745788943	24.6891	2.91694109082296	-3.10415588555291	13.4056
B	411	GLN	49.7244476747938	35.8938	8.66921662340686	-10.5445540926844	18.36445
A	21	LYS	52.1380509969468	36.37787	7.94714703520507	-9.29217968572867	16.71643
A	159	PRO	58.9824602490918	72.41243	22.6153195181191	-27.3957529138171	22.920059
A	130	GLU	64.5788503027049	29.38796	3.10937994809702	-3.30090473142971	19.61461
A	150	LYS	86.6664056303741	62.01254	12.4937876718429	-14.0714917047498	20.67132
A	18	GLU	90.2331755320201	29.42169	1.35617111793682	-1.3913892377869	23.27247
A	171	GLU	91.6136632458657	60.95113	11.694991447603	-13.2094113997416	17.04411
A	179	GLU	93.0310022999293	47.76375	6.53697111390978	-7.10089388807145	21.9117
B	443	LYS	100.172881758394	34.24831	2.22582774757756	-2.32499272022036	31.10697
A	14	GLU	110.573125372935	52.51066	6.43287808632478	-7.01191123266812	27.58092
B	29	ARG	111.022756539082	108.20147	30.0595998838568	-35.8784204853823	25.143318
