chain	seqnum	resname	area_pseudoenergy	area	area_expected_to_persist	area_goodness	boundary
A	74	PHE	-216.195273458749	104.95084	91.5330244771236	-230.873977118061	4.504314
B	467	ILE	-195.048429670614	96.06088	82.4212069028917	-211.347098380404	2.07621
A	72	TRP	-152.3789014817	95.04631	75.144096679104	-182.879411646278	9.0030862
A	86	LEU	-110.601441863744	54.3786	47.1531247807205	-118.568630398194	3.035095
B	384	GLN	-108.963372674869	60.8604	51.927169861716	-118.690631889261	10.93709
B	417	VAL	-107.009639079491	37.107	35.1393486752272	-109.03153252113	2.0283
B	438	ILE	-99.7225774951762	32.65296	30.465242395333	-102.597245314205	0
A	88	VAL	-97.6838974072477	40.60893	35.2579144578865	-104.37756061385	0
B	409	HIS	-95.8919509682903	65.1955	51.6700137012184	-111.480304313659	12.73077
A	76	ASN	-87.5247677075696	58.4603	47.090151810503	-100.523392391545	9.77517
B	22	ASP	-79.952938687381	59.25147	46.8952809015256	-94.0445364395823	3.633778
A	102	VAL	-76.3978244002651	44.3423	37.2085145792842	-84.2946103141898	0.924488
A	100	ASP	-75.7294471493979	41.9591	34.8867353614628	-83.7841165513767	2.70591
B	412	PHE	-75.5770501730593	30.10904	27.7482106518841	-78.0473531015186	0
A	127	MET	-72.0244051863591	38.7186	31.8496661143899	-80.2155907318047	7.88846
A	125	VAL	-71.3018741250532	35.5534	31.2715689422786	-75.8768875250375	2.3464
B	465	LYS	-67.1703341559233	76.73462	53.2280773782412	-102.648300396223	10.4654162
B	468	SER	-65.9214217174047	58.81344	42.319879653314	-97.3241674133387	11.938217
B	19	THR	-56.9503025268935	49.9985	37.7597750927091	-71.0466862935512	13.28644
B	418	SER	-48.8885071243529	48.80451	34.7968897923743	-67.2966999353412	14.81913
B	18	GLY	-47.965226129982	43.736	32.1707969475472	-61.9585065641946	7.36958
B	440	SER	-46.4889398120317	30.07118	24.5597283707356	-52.653275349425	0
B	349	PRO	-36.6070523144692	51.2879	33.739957885915	-59.0257346080496	10.21716
A	48	GLU	-33.1962873878015	42.79842	28.0877255602717	-54.2610602014705	8.61301
A	33	VAL	-30.8188658955156	21.01802	17.0720121906936	-35.1912350546668	2.327546
A	52	TYR	-30.7894694001474	43.5687	28.748230576539	-49.4099003905107	5.735988
A	75	VAL	-22.348605418873	16.8583	13.3201494240105	-26.3198348041277	4.60343
A	35	THR	-21.4248757490556	28.56845	19.240759472819	-33.0424881140545	4.37995
A	73	PRO	-19.1596430647698	30.49957	19.9532243027546	-34.6490720605822	12.96695
A	9	GLU	-18.9291146023771	18.9859	13.868632668525	-24.8919583250381	8.32223
B	411	GLN	-16.9398695955645	49.3879	27.9490594001293	-48.7533827237624	16.31399
B	408	GLN	-16.7537037995102	10.8768	8.95715995502472	-18.8657485662646	0.456134
A	49	ALA	-14.7297536755924	15.9873	11.2750949644196	-20.4638876948078	3.503844
B	382	LEU	-12.9855174348558	8.33889	6.88754468839824	-14.5800420486803	0
B	415	ALA	-12.299357822193	7.22181	6.10919810618877	-13.5076395197694	0
B	441	GLY	-9.53844121508749	13.44652	9.05049143050224	-16.3126343176446	3.033375
B	466	ILE	-8.2608168498332	14.5232	9.2728680685997	-14.7767180126227	7.88846
A	134	GLU	-5.81501349409866	36.06363	19.5739525364177	-37.2300582520496	18.846711
A	90	ASP	-3.79274193827039	17.7942	9.8417119889617	-14.331230246133	3.88673
A	78	LEU	-3.23074762827726	32.7248	17.14567536906	-24.8934053532203	12.86545
A	101	MET	-2.40127721697693	3.71695	2.43875128494501	-3.96766424900206	0
A	89	MET	-0.427106173307223	5.22165	2.71754205108583	-3.83729075229814	0
A	126	LEU	0.785432893948301	1.91938	0.766026742475033	-0.977595208231747	0
B	17	LEU	2.23352854740803	4.28312	1.59549654723406	-1.99603837533275	1.90207
B	470	ARG	2.63507655461184	1.08344	0.0874927078223228	-0.0912279304430994	2.32927
A	50	GLU	3.16127382578712	57.07173	28.3821725166519	-51.2333498535634	7.69367
A	79	ASP	5.41152680913067	19.185	8.24851754307747	-10.7824402023432	3.48819
A	31	LYS	6.16104147264907	2.35056	0.159351629065275	-0.165010342554166	5.43489
B	449	ASN	7.18676748462841	2.37193	0.109327403686531	-0.111927173018808	5.45954
B	469	ASN	7.71644270738486	11.51065	3.90665018427819	-4.79215097475672	8.82544
A	71	SER	8.151069382864	25.2322	10.5958708211362	-13.7418148887713	0.840882
B	350	VAL	8.28277183027349	6.92099	1.60602883833066	-1.82737057294175	4.44055
A	84	GLU	8.87649645457553	24.19211	12.551161363523	-20.1941803926728	14.5953
B	16	GLN	9.79843288331946	35.5549	15.3753129356682	-20.2779906802549	10.07073
B	26	SER	10.3412700789582	5.45595	0.712703601879626	-0.763750947335221	2.44932
A	77	MET	10.6978665677557	52.11579	23.6001942603351	-31.9834271873305	13.08755
A	164	ASP	14.9343251310668	13.1855	3.21298487912118	-3.68251131151674	8.94499
B	15	THR	15.1362307738907	15.7686	4.36630690854192	-5.11227689710982	8.95787
A	62	PRO	16.7355482644493	5.06103	0.191539771042969	-0.19569167891056	9.6083
B	21	GLU	18.0574697093225	27.92817	10.9854432201992	-15.8163388616606	17.27302
A	46	LYS	18.3510140315168	40.1863	15.772620010829	-20.4828134659951	15.11093
A	104	SER	19.2928677987073	7.12987	0.56037926518783	-0.590530070758004	10.08713
A	136	HIS	21.7095414331074	15.58375	3.53103541982912	-4.13428553294649	10.966958
B	32	ASN	24.1896045891581	6.95669	0.213237017070632	-0.216705766233578	12.06267
B	28	GLN	26.5128167759746	9.758	0.615771864870191	-0.636824221523396	12.50836
B	356	SER	28.5520181463391	9.23501	0.410159365035892	-0.420007067542079	13.24581
A	132	LYS	30.6863891434689	9.93209	0.432417714749239	-0.442113354574178	11.9078
A	80	ASP	33.5912848587452	15.57103	1.70647547637776	-1.81803956723637	16.03623
A	64	GLY	34.2937036792536	20.8246	3.36407915129066	-3.66914040234946	8.82016
B	353	ARG	34.4675408807755	76.7909	30.9948142051548	-40.8965737368134	24.55674
A	60	GLU	38.0967011581199	25.40681	4.7918716032885	-5.35695618502354	12.7597
B	473	ASN	39.3076418022388	34.3823	8.31113246518075	-9.51406172386196	20.26459
B	357	PHE	40.0977465366936	28.5296	5.61885210459232	-6.25756845778969	17.4317
B	464	THR	40.6378736851567	14.40542	0.86883933762189	-0.901318357171502	19.40537
B	471	GLY	42.0688538500072	24.12083	3.87900176724218	-4.29973187974083	16.98539
B	25	LEU	43.1209598858489	66.08918	23.2434205172789	-30.4621492832938	9.38758
A	163	ASP	44.1246541719274	31.7155	6.49344455015659	-7.3284850290685	18.61891
A	45	ARG	56.6900671783652	33.56338	5.79856788093373	-6.44057079798546	23.41155
A	129	GLU	58.9131396991996	19.0099	0.92328408144543	-0.954496234302639	25.02786
A	123	GLU	66.6037878884364	32.73348	3.81950850143164	-4.06628638094118	23.35255
A	70	ARG	77.7564670638323	47.38276	10.9553295853166	-13.4365740383434	31.18103
B	443	LYS	82.8414835222951	34.48122	3.49801343477131	-3.726920797904	30.44577
B	463	LYS	84.7775701185219	24.582	0.763135531552136	-0.77543294667498	26.5679
A	63	LYS	108.491012477394	72.06486	14.5579951813898	-16.6441295668942	22.25394
B	29	ARG	157.587225843327	114.55448	24.8640477244234	-29.3191001205803	27.699542
