chain	seqnum	resname	area_pseudoenergy	area	area_expected_to_persist	area_goodness	boundary
A	36	TRP	-616.953188688652	186.97018	176.032645464023	-628.828680959973	1.438841
A	170	TYR	-610.640004030376	164.97186	156.94022358855	-619.496162546292	0
A	169	TRP	-564.028445147587	183.37905	168.978736419204	-580.486311199917	0.349034
A	220	TYR	-498.780770543364	146.78485	139.096305047916	-507.149111274711	0
A	47	TRP	-490.183301653202	167.1239	156.058501410437	-502.034167976617	3.723897
A	223	GLN	-475.711529439852	132.64022	126.821475862732	-481.807769264977	1.596078
A	35	HIS	-473.45950157966	124.71476	119.207198656542	-479.470563373675	1.548104
A	232	PHE	-455.728942619263	152.96885	143.46492081607	-465.713412626395	10.098361
A	80	PHE	-443.904442975837	143.36109	135.272674014127	-452.351556714434	0.0745925
A	37	VAL	-443.895308860248	117.27103	113.154964082008	-448.171650123288	0.958142
A	93	TYR	-433.804379700635	139.09605	130.594372285683	-443.303182327088	2.314926
A	207	LEU	-416.288408037973	133.74947	124.93627149052	-425.868852459316	0
A	104	TYR	-414.066691066015	159.44827	144.953736269195	-430.167544321878	2.497559
A	38	ARG	-412.378993922176	174.06842	145.590044924769	-453.423680984709	7.427382
A	155	PHE	-407.272812777431	156.72108	138.59025314873	-430.937212772986	0.322993
A	48	LEU	-404.977145887619	125.62715	119.488332939829	-411.356953320107	0.946184
A	102	TYR	-400.172583962858	178.95199	153.937592888141	-430.362135334459	13.94791
A	238	LEU	-398.976541306479	136.90528	128.54483736127	-407.730934215399	2.554261
A	109	TRP	-384.387758260724	158.4799	141.3125200468	-403.504456880809	11.47217
A	94	TYR	-382.334119100732	153.2908	129.382977732363	-411.642420001526	6.826815
A	168	HIS	-381.678591892876	112.29833	105.553427058113	-389.642615213535	2.714574
A	106	PHE	-373.309446986547	125.48319	117.527668180505	-382.042600435095	0
A	180	LEU	-363.922092033029	125.98147	113.034464750136	-379.041172185257	5.13236
A	45	LEU	-363.457382354171	148.12335	132.553992069389	-381.9434909185	6.314474
A	181	LEU	-363.146269017375	126.56273	116.471730971085	-374.955874901806	2.38156
A	171	GLN	-360.679871922258	113.15472	102.892971200134	-375.073079408422	9.32272
A	51	ILE	-342.693333932944	109.8861	101.409775070152	-354.028478071635	7.41175
A	20	ILE	-337.410006312931	120.91933	110.917243943242	-348.520705277712	0
A	18	LEU	-321.938834300414	119.83052	110.935797627375	-331.308653230122	2.093581
A	52	TRP	-321.109425003696	150.37176	129.368937287672	-345.229025913476	9.230973
A	209	ILE	-313.561727179287	111.64001	104.225060446224	-321.310929580972	0
A	221	TYR	-299.776303998375	159.94273	123.274507989432	-349.196475737069	8.88274
A	78	VAL	-298.928839450958	115.56802	103.447417519957	-315.776165583585	0
A	50	VAL	-298.056342057331	80.62769	76.7249851692206	-302.337734137822	0
A	69	ILE	-294.84301236928	123.21641	112.363377988109	-306.264614754392	6.38876
A	96	ALA	-286.882817315612	80.33782	76.3143973607916	-291.171021213273	0
A	95	CYS	-285.330388829434	95.60181	89.0158323664194	-292.304778864314	0
A	167	ILE	-275.265983981684	103.07338	95.4140446674281	-283.91059773065	0.43821019
A	82	MET	-272.960348535757	113.10411	101.387900678236	-285.923219373867	0
A	228	TRP	-264.267117025365	166.95928	135.730141327423	-301.870871809921	30.316653
A	205	PHE	-256.059861482345	112.4493	98.4924153162563	-272.325889696464	1.370886
A	172	GLN	-252.403566740786	105.7418	92.0685299671212	-269.240834136484	11.128743
A	178	PRO	-250.87992843452	104.35565	94.3107293106085	-262.26853437014	2.16936
A	97	ARG	-249.186294851381	174.84615	130.735991367205	-309.259471052394	9.923254
A	222	CYS	-236.827592877157	95.12937	85.4481271869075	-247.500141288797	0
A	58	ASP	-236.053645079925	100.61041	85.8446789525478	-257.934435724121	11.713123
A	153	VAL	-236.034890261808	86.51352	80.0435839531469	-242.845998548694	5.15449
A	225	ASN	-229.443265942099	97.0447	87.4623147757167	-240.04589585348	2.111097
A	79	PHE	-229.248797053978	104.53873	88.9998549165386	-249.24726899863	26.71007
A	182	ILE	-228.304977934501	97.0992	85.0462120216078	-242.867788815855	9.6141815
A	196	PHE	-228.165222245186	106.78938	93.5914607411892	-246.06206606743	10.584116
A	22	CYS	-227.256787734732	84.22055	73.2439102558166	-240.887548783227	0
A	39	GLN	-225.93167243066	103.18336	87.4584901859172	-247.038496382542	15.854
A	157	CYS	-223.687924150279	94.95437	84.178647528871	-235.904036454122	0.2497377
A	230	THR	-223.313673133706	89.48658	80.4718944693811	-235.24689269376	4.588621
A	115	VAL	-221.811931360362	92.56148	82.2232438582247	-233.457686487478	1.0089057
A	117	VAL	-221.375865321036	111.75025	96.5950681439594	-238.380842787922	5.509705
A	34	VAL	-215.052034313442	101.36564	79.2309637842432	-246.213790667898	1.594398
A	105	GLU	-214.172491361589	108.20252	91.8060576099467	-232.658460904382	0
A	6	GLN	-211.701387009478	130.28532	107.865197328666	-236.592015772287	8.1389
A	67	LEU	-210.95367382827	91.04188	82.3281309694696	-220.325100806422	2.57008
A	236	THR	-210.373827489377	110.22353	90.4401761253825	-233.479602453529	0
A	224	GLN	-209.85958814229	122.05304	98.403228463493	-238.677203782503	4.07100079
A	92	ILE	-208.013014593993	86.3744	76.1604955900595	-224.591639816651	26.01425
A	206	THR	-205.885861839778	86.52196	78.0659231794637	-214.937268883777	21.184476
A	59	TYR	-188.769910477355	90.35933	78.961783939507	-201.297859881239	12.477
A	46	GLU	-187.42296773928	97.82083	74.7800779835317	-223.493053622779	22.427754
A	138	LEU	-180.888696107252	120.09121	97.0978458766711	-207.871008137389	7.46936247
B	468	SER	-178.95397517893	76.02033	68.6898006763524	-186.97938440366	0
A	60	ASN	-178.637466651655	80.94091	65.818339769017	-203.529473807512	16.31963
A	21	THR	-176.409884281249	81.57705	71.9254443782806	-187.370671930405	18.182822
A	85	LEU	-173.214214143298	94.84653	78.3251228910449	-194.73830703226	1.6509877
A	71	ARG	-170.630927468725	122.9847	93.7407071683857	-209.46043775783	18.04523
A	237	LYS	-168.362420722361	72.29923	64.5911437599094	-177.254732978625	19.60735
A	184	TYR	-168.181806344788	122.15401	92.9931108991842	-205.051524250103	21.5936229
A	145	LEU	-166.527481807804	78.55549	67.9270794914597	-178.922043972288	5.92145
A	219	ASP	-165.526499655418	65.51476	57.8697415683235	-176.570288612801	19.75475
A	81	LYS	-157.602788539684	78.58349	61.7762802312529	-182.196186395478	21.31724
A	4	LEU	-155.801631671441	122.97134	93.1267259381938	-193.609031896822	8.243
A	53	SER	-155.781393439496	93.89313	77.0871533702377	-176.005295276387	16.836788
A	185	ALA	-155.685915195519	77.49953	66.7068953462756	-167.657444655829	4.426697
A	113	THR	-155.537008945257	85.60494	70.575713934578	-174.343103205296	7.53762
A	63	PHE	-150.578878299582	71.2339	60.1881004437075	-166.662780289713	1.71744
B	467	ILE	-150.172878490071	78.4276	65.9558398777711	-164.652710592009	2.3475772
A	212	VAL	-149.670963014626	91.52294	74.1021503659642	-172.573056370961	3.144811
B	418	SER	-147.698234531643	63.76764	57.4117587130857	-154.499862397843	9.927388
A	147	VAL	-146.700650918203	87.96832	72.711049455294	-164.2300310755	3.3272902
A	91	ALA	-145.617252856377	60.2903	52.8404648590982	-155.362103308088	0
A	208	SER	-144.893094100217	72.97283	58.9848563876957	-163.502881111579	9.4943
A	56	ASN	-143.313782759497	68.20005	59.4547906936991	-153.222095674516	13.4167801
A	32	TYR	-141.149823701927	153.28024	106.23093542436	-201.62200058282	14.145193
A	166	ASN	-137.72990720286	83.04533	67.5104163729638	-158.19348973773	12.66801
A	218	ALA	-136.211863707482	55.49659	49.9204611689587	-143.430413513239	5.394287
A	108	TYR	-134.805359776243	126.19011	83.4084581227092	-203.240085574257	30.774121
A	70	SER	-134.156112647488	46.93482	44.0664620070481	-137.147167732824	11.08034
B	384	GLN	-133.601977527878	64.82431	57.0897717515361	-141.94304583255	4.7931961
A	49	GLY	-132.104970456184	38.04019	35.5475357740253	-134.939845686534	0
A	179	LYS	-127.955326588979	97.35995	59.1065348452499	-217.151952926071	35.30134
A	101	TYR	-127.500201832285	165.14383	109.127304660317	-205.906735305609	12.765954
A	217	ILE	-123.518212614172	81.51799	60.3489170469873	-155.545458953476	17.59413
A	216	ASP	-122.276704465531	62.4691	52.924720614779	-133.022351283087	2.158278
A	239	GLU	-121.95721224407	73.59257	60.6279192202175	-136.615037346555	14.29093
A	57	THR	-118.982415238773	44.23118	40.3232860729671	-123.208641217383	4.011938
A	163	ILE	-118.357856031256	85.69193	67.73274423594	-138.84901712919	3.1798
A	199	SER	-118.216643934248	55.61805	47.2694060966402	-129.426547159918	13.105252
A	68	SER	-118.174200015213	48.69569	40.2077984993917	-135.462490201155	16.44413
A	31	ASN	-116.352954493514	100.39198	74.1356858787812	-150.906925300463	15.541735
A	116	THR	-115.840925341155	61.28833	52.9752009415561	-124.834809264504	14.82128
A	195	ARG	-115.170961211031	116.8513	82.7449756293141	-165.398001279521	25.270118
A	165	THR	-114.1342181135	62.53891	52.0095538054568	-126.429395169376	17.74722
A	33	GLY	-113.675122441419	46.84945	40.5862326328099	-121.638316291297	7.662021
A	103	ASP	-113.585060332272	54.57815	46.0023545098697	-124.541669375793	1.762557
A	197	SER	-112.65037524049	62.37517	48.557102358101	-133.057387180216	13.2485
A	12	VAL	-112.467466277309	58.8374	50.4528410755378	-122.025929312578	0
B	417	VAL	-111.700129483251	42.1628	39.1864956071019	-114.804954200342	0.224336
A	29	LEU	-109.840742476967	94.68256	70.9044615482491	-139.429764443186	2.039082
A	231	THR	-106.135129471283	77.21036	57.2823329829807	-138.541077340861	10.74723457
A	156	SER	-106.027325456003	65.92743	53.250705429478	-121.997130376269	14.08775
A	140	GLN	-103.863884043803	117.10759	81.7536144355583	-149.831738499378	5.68368
A	226	ASN	-103.548374381394	102.42224	71.7299107351241	-146.68148339831	32.8049573
A	144	ILE	-102.406848811404	52.03829	43.1258954089344	-112.809742496776	12.99911
A	83	ASN	-96.9779880270234	58.2653	46.7687002341151	-117.448746575014	13.87606
A	77	GLN	-95.9752908298886	61.10733	50.2156706037712	-108.123137057982	10.20743
A	66	ARG	-95.0016663135157	106.09821	69.6789554320967	-161.551700162983	25.222652
A	110	GLY	-93.3132440075394	52.76411	44.3385451011515	-102.657239556182	0.993535
A	189	ILE	-90.7098027175694	88.55879	64.0034886305678	-121.825965735159	12.762131
A	139	THR	-85.4223845609216	52.46345	43.8478569877088	-94.836375656211	12.3304
A	107	ALA	-84.5251538159168	55.42634	42.2309917186123	-103.719868283512	11.71347
A	158	ARG	-84.0963190353608	106.20389	70.923994983623	-141.808064977512	29.694681
A	146	SER	-83.6787843854395	56.38907	44.3242468352944	-99.3209723500934	18.9544
A	89	ASP	-81.8719170029897	57.86553	45.2082324487305	-96.8755398719314	1.894235
A	198	GLY	-79.2798048765255	53.71972	42.9324835131878	-92.0812210583812	7.6439745
B	438	ILE	-77.7745058875581	30.22699	27.1898360163456	-81.1524922813922	0
A	90	THR	-77.6080620101171	83.89317	54.9872457102942	-123.544537802179	20.66416
A	114	LEU	-77.6020487582108	64.69571	47.423983487457	-105.892053466708	22.76874
B	18	GLY	-76.3947280844559	48.83358	39.5727163701928	-87.1530065249852	0
A	183	ARG	-75.4560203638366	81.88869	54.9459621722811	-115.039761392903	12.452211
A	229	PRO	-74.4051319674797	67.4468	48.2815421441203	-100.1654819539	15.57059
A	7	SER	-74.3653780693892	41.90425	35.1174921536327	-85.0088456058344	12.11539
A	98	ALA	-73.7872576287319	49.74005	35.8390929009128	-93.6853781094753	5.09398
A	233	GLY	-71.7824030823983	53.37252	40.5174933715916	-88.0018230325379	3.147934
B	440	SER	-69.0698112593235	24.01579	22.2747599138254	-70.9680801747971	0
B	409	HIS	-68.4377991215374	79.28545	55.6124318415727	-97.9225532447374	10.333292
A	27	PHE	-65.8266906436023	91.33388	60.6309440527146	-107.096342546754	12.079606
A	211	SER	-64.7407146233809	42.8228	35.0804994510472	-73.2825872187867	12.27295
A	192	ILE	-64.1378914670406	60.19495	42.0721292298895	-89.3305464055263	9.840963
A	202	GLY	-64.0294189410505	40.66413	32.7030333699834	-73.1547695507687	8.07059
A	154	SER	-63.964985732965	46.76952	34.8355208658209	-79.3164469536228	13.35304
A	76	SER	-63.738236747243	62.7409	45.5405987289917	-85.4032665638504	8.881837
A	112	GLY	-59.541363430458	38.60123	31.7386569552952	-67.1197571727427	2.22274
A	159	ALA	-59.222377159179	57.28128	41.0156070961928	-79.9116587556672	3.9845736
A	28	SER	-57.1243812565043	49.24304	35.900147756384	-75.8868410396196	11.62508
A	11	LEU	-56.848536211959	35.9259	28.4277188210249	-66.0750020006232	9.29623
A	9	PRO	-56.3282855100988	45.21387	34.4390391297447	-70.7016719847318	7.45449
A	19	SER	-53.4819970020689	50.28312	35.7377368796104	-72.8902595576653	20.4066025
A	203	THR	-50.853811687134	59.02911	40.6307473314228	-76.2839634492073	14.721
B	441	GLY	-50.5345679720508	35.54465	27.8689687200505	-59.660399458879	0.888443
B	443	LYS	-49.6145687216379	58.06948	40.6203740021805	-88.0196778540262	26.82844
A	164	GLY	-49.368691042712	22.9663	20.2288501969934	-52.3682537423723	3.84804
B	469	ASN	-49.0000008882148	23.791	21.0325831822544	-51.9444017899648	3.85533
A	152	ARG	-48.7716336780503	57.17101	39.2500757816178	-71.1295677862832	16.59928
A	2	VAL	-48.678566387876	92.79858	58.4175023295692	-99.6706943510224	17.10956
A	210	ASN	-47.6629429719981	78.89189	49.461083598564	-92.8311370708017	29.09371
A	15	SER	-46.7546866395333	43.06598	30.6855211282003	-63.3706796272435	14.39532
B	19	THR	-44.2890219974546	57.73585	38.9521263532245	-67.5946963465871	7.787066
A	177	SER	-44.1063947084573	46.83657	32.8812671280319	-62.2857325567872	10.960071
A	150	GLY	-44.0305809174027	35.10734	27.1287755941743	-54.742110945745	11.93504
A	23	THR	-43.9704760251945	68.83914	43.6029310675854	-80.9270152086682	20.592307
A	84	SER	-42.5624925162424	41.93769	29.0734602002919	-60.7178815828284	16.32236
A	10	GLY	-39.8078575294871	36.38587	26.9948513533583	-51.9247880868268	10.07367
A	99	LEU	-39.7763998525282	127.04731	71.9478742869869	-128.276826099885	36.11045
A	136	ILE	-36.8951124037593	133.54356	75.2524304946706	-116.608686671305	15.778554
A	16	GLN	-36.6873455121235	18.31559	15.9903156780601	-39.2068712015537	0.59022
A	235	GLY	-34.906365006399	54.68407	35.1507487377572	-60.6792972208541	14.27372
B	349	PRO	-34.2234030420624	39.6446	27.1948940322489	-50.0005134683476	4.973433
B	16	GLN	-32.1401772867287	41.37273	28.0727973667967	-48.6680633487014	9.93509
B	412	PHE	-31.6928279079131	21.99701	17.7042341241622	-36.5034828556434	0.174539
A	40	SER	-31.2584443249161	31.97261	21.4462897947036	-48.4612607796309	7.5212
A	8	GLY	-30.8820108621176	28.05772	20.8051659422779	-39.5933675287418	5.57366
A	141	SER	-29.4343436203902	57.38908	33.2870608057693	-73.1419091767869	13.7726
B	382	LEU	-29.2960978598346	13.9708	12.4424864381075	-30.9146499027589	0
A	186	SER	-28.5636437825973	25.40431	18.3719792195076	-38.4494468150405	9.86699
A	240	LEU	-27.8180749236695	90.72007	51.0925831520624	-88.8661773389306	21.0069432
A	142	PRO	-26.0368234255567	34.11506	22.8063314022425	-40.5849905861267	3.93244
A	17	SER	-25.9679768518434	44.99026	27.8816958631375	-51.4333893435418	11.77538
A	54	GLY	-24.618360556986	62.42863	36.2847649182442	-65.092051892535	15.23564
A	143	VAL	-24.1909736902935	32.1564	21.1128254148692	-39.0130022271608	10.96415
A	160	SER	-22.9962146085928	46.25958	28.5202386823093	-51.2244100080459	15.431991
A	241	LYS	-22.8136742023663	84.9921	48.5880119542107	-87.3782833181401	31.048058
A	44	GLY	-21.0803610790148	34.53194	22.2851354810858	-36.5771627011212	7.819668
A	188	SER	-20.0811366866284	17.20985	12.6187472048479	-29.7311513240933	7.441018
B	17	LEU	-19.6898695386136	36.46973	22.5323707279867	-39.0774694616133	7.09201
B	465	LYS	-18.2510966295571	51.6812	29.8965478870451	-48.2823406372281	15.52853
A	111	GLN	-18.0004474801468	76.14163	41.9638943420955	-70.1739705560052	30.457122
A	213	ASP	-17.4248608041983	27.426	17.9283629601002	-29.0838587386077	9.57004
A	201	SER	-17.3126337523133	17.06082	12.2925310875595	-23.0456186032077	6.699
A	14	PRO	-17.3027430222757	70.36115	38.7747838308722	-62.0805490727497	15.37155
A	149	PRO	-17.177414703021	54.8183	30.9550490737915	-50.014425393089	15.61604
A	30	THR	-16.4112020694326	53.92659	30.1482234215974	-57.3801737092797	30.470213
A	72	ASP	-16.1188778364794	15.80685	11.5696950838834	-21.0953989509848	3.22742
A	204	ASP	-16.0803654995968	29.37146	18.294178074823	-31.2496861042877	10.68004
A	200	GLY	-14.3361452073892	16.00898	11.2889120368636	-20.0176115510972	4.57263
B	385	ALA	-13.1481827839523	8.84231	7.21198179293573	-14.950284237722	4.29502
A	73	THR	-12.8011573500607	46.13836	26.2100018815559	-40.718175278325	11.587323
A	26	GLY	-11.9126315102813	47.52312	26.9464018729644	-40.3690098940728	10.929211
B	408	GLN	-11.6013932813589	14.36363	9.87301040555418	-18.6345400624026	4.89656
A	24	VAL	-11.4968364784585	70.88008	38.6066664630441	-66.6986733118403	4.695855
A	227	ASN	-11.2610145963809	94.22811	49.0788986263248	-86.8097185356808	10.42052
A	162	SER	-11.1993761320113	40.62617	23.5600272247723	-37.661919752629	20.04019
A	151	GLU	-11.0765941244662	36.1391	19.9111511402771	-48.8070492418676	8.45656
A	234	ALA	-10.5704730346946	38.2899	21.6255880739748	-33.2462389715975	15.28605
A	61	THR	-8.20405678025979	18.55574	11.2746692740822	-18.5998199547446	9.67397
B	348	LEU	-6.89599825526018	15.5712	9.48196373519897	-14.6198057276689	6.3144
B	415	ALA	-5.2672357128406	5.78054	4.12294661830306	-7.22064780051107	0
B	470	ARG	-4.03564189102214	5.95248	3.91869396890998	-6.56864618087474	2.011803
A	176	GLY	-2.02312436093724	6.85968	3.93198647987366	-5.84064623904414	3.64437
A	118	SER	-1.64808828448681	48.32412	24.596716492869	-35.0943681976148	9.4715
B	419	LEU	0.729399598381029	1.47414	0.558351519604325	-0.70175642567339	0.345281
B	22	ASP	0.995045797738414	35.46309	17.6759920098251	-25.489481334101	7.34194
B	26	SER	1.03654111838923	5.79735	2.64022785476446	-3.52328159032247	2.25989
A	86	GLN	1.30963108933902	42.29439	20.7535114432633	-34.3177975540527	15.06211
A	75	LYS	1.58471583710698	7.26994	3.24035236354411	-4.28987521064536	4.04455
A	137	LEU	3.24802010585951	47.77937	25.4628325259313	-47.7830711649938	20.070821
B	325	LEU	4.27519567040446	1.32417	0.0504562643695995	-0.0514426981659959	4.07921
B	471	GLY	4.44542441964765	30.71707	14.8231413380738	-22.265259007039	7.05396
B	350	VAL	4.65091011685617	2.71966	0.416515421548486	-0.452093094155536	1.87965
A	187	GLU	5.25493368431609	1.3668	0.0286273325845599	-0.0289313822496066	4.14436
B	463	LYS	5.25493368431609	1.3668	0.0286273325845599	-0.0289313822496066	4.14436
A	3	GLN	5.58153682829706	38.0761	17.6908195632458	-24.0912287326484	6.827194
B	472	GLU	6.01007628656004	3.98072	0.720386857815981	-0.794684375251033	5.48524
B	466	ILE	6.0690617381377	14.52537	5.92319479823411	-7.94460634143409	9.07227
A	148	SER	6.36259760957989	27.48864	12.4453505467398	-17.0754529617843	9.63178
A	174	THR	6.39399772478482	2.39214	0.187457922901511	-0.198263929553964	5.07995
A	194	SER	9.95863757546113	8.22365	1.88756218497008	-2.14433840953122	5.34409
A	130	GLY	10.7704902436659	2.78702	0.0572514877301827	-0.0578477022981574	5.918
B	29	ARG	11.4385966809564	11.5307	3.11922484573722	-3.63696934944261	1.46093
A	55	GLY	11.9710318966594	39.3464	17.0838292036146	-24.6563421961785	13.761723
B	47	GLN	12.0365801580357	6.90041	1.02653258870587	-1.11142052126583	4.31271
A	193	PRO	13.7983999607007	6.59939	0.725856142809316	-0.768965858190423	6.70984
A	214	PRO	14.2532298897199	36.9634	15.0341387028605	-19.5392858789683	14.60229
B	15	THR	15.1952571669596	13.36253	3.30631037076727	-3.82827540991399	8.92457
A	13	GLN	15.3384103802843	28.22363	11.1464487138619	-15.2293249859514	6.78193
A	175	ASN	16.0661294842661	6.95187	0.67633818972379	-0.71729672530676	11.65129
A	123	GLY	16.0919568484985	12.7069	2.79392916943282	-3.15513684745327	9.45998
B	20	PHE	17.8579780730114	49.1965	21.020360866785	-29.6500679279143	10.73971
A	5	GLN	18.5168086817454	70.13682	33.525180738517	-49.8127713908494	22.225662
A	64	THR	18.7583863252179	4.88805	0.103092966601811	-0.104195656007215	7.83741
A	135	ASP	20.3033763532825	49.88797	21.1994500916356	-31.26892949739	19.87412
A	87	THR	20.336137333713	76.51754	33.4022353887667	-54.4885366886032	32.32537
A	100	THR	20.9292241212527	52.3595	21.3720923175991	-32.5500033321101	25.26596
A	128	GLY	21.2341174628439	7.61107	0.440471310393251	-0.453731016038863	4.71423
B	411	GLN	21.8871890302305	25.203	7.58607291206718	-9.15885259654706	10.7584
A	125	GLY	23.1229062734108	28.3145	8.68064809473753	-10.3697346962022	10.28918
B	473	ASN	24.6333636692997	36.97346	13.1652617620388	-16.4497133850372	17.74799
A	215	GLU	25.6017117861247	42.21037	15.191007659658	-19.2535492992822	14.35665
B	353	ARG	30.4155747115386	24.99	5.76568823780119	-6.58075619014822	11.8547
B	25	LEU	30.9625255192475	13.3195	1.21006368881032	-1.2710414943081	11.78878
A	119	ALA	34.8503857756304	31.51341	8.43602578370914	-10.2030271041541	15.60129
B	50	TYR	36.0634949541431	24.5486	4.5926683118701	-5.08471222230299	7.85482
A	62	PRO	36.9198274051112	15.01808	1.37485611021694	-1.45679623298626	14.73154
A	41	PRO	37.0427196374277	35.33562	9.46229266412318	-11.1698278035435	14.55612
A	131	GLY	44.235375597223	16.2607	1.0281364996735	-1.06312832189126	13.10115
A	25	SER	44.3607658120363	44.35331	15.3491650863355	-20.9786470207714	15.28082
A	126	GLY	44.9136448753875	28.30987	5.20334093999729	-5.90315432464067	14.26473
B	21	GLU	48.7324284289447	53.7908	17.0217798219711	-22.3982339369666	14.66484
A	127	GLY	49.140081861851	32.44894	6.17884421442688	-6.94304604595427	6.9034
A	173	ARG	54.7086950991301	70.93155	26.5407553431574	-43.0151970309562	29.03697
B	474	SER	57.2519442485013	30.77471	4.22709376097739	-4.56862927363795	14.55636
A	129	SER	57.4251812692705	65.19657	22.1517621699691	-30.030375785267	34.56057
A	134	SER	58.5594251209292	36.16091	7.05921537410628	-8.37639654779415	16.97241
A	161	GLN	71.9088080635437	90.53741	31.4154267161965	-42.5891357290779	26.75253
A	88	ASP	86.9845912743861	81.52946	22.7459017408184	-27.8651893522952	29.994104
A	43	LYS	104.850165417993	44.92023	4.3577828571764	-4.63073189079082	25.34358
A	1	GLN	129.263284512704	80.52315	13.6133457365775	-14.9515501796278	24.860261
