chain	seqnum	resname	area_pseudoenergy	area	area_expected_to_persist	area_goodness	boundary
A	11	LEU	-237.075757954515	98.30622	90.0053229864585	-245.777836998731	0.502097
A	18	LEU	-196.14745208241	96.66664	83.731981401124	-210.881686009371	7.253198
A	77	ILE	-190.324715522334	89.4332	78.9763072789669	-201.731514951933	1.12688
A	41	PHE	-186.665313699961	103.69791	82.9499340970071	-216.683319927123	5.28997014
A	10	LEU	-164.99748153988	85.9313	72.611895664525	-180.29911809689	12.61226
A	60	VAL	-155.946470250004	74.35115	66.0259780789435	-164.8076233598	0.978675
A	84	LEU	-145.011052204576	84.524	70.067384640497	-161.320549166695	4.731758
A	57	VAL	-144.759487004703	70.04332	62.0782455054808	-153.230478569713	1.301731
A	70	LEU	-139.82713577423	94.2524	74.5204463578343	-163.491982317166	9.963617
B	101	TYR	-131.820391531923	85.85259	68.7518504710036	-152.631807469924	2.7548507
A	45	PHE	-127.433783450797	89.45632	70.8993129874504	-150.185038196453	3.151535
A	56	ASP	-122.793066997645	63.18607	53.5996119323081	-133.761822412046	12.634924
A	24	ARG	-117.625324621999	129.47876	89.1138480967815	-173.453593219693	4.422857
A	74	ALA	-114.825002211432	53.52455	47.6976161166191	-121.028721659819	0
B	69	LEU	-107.340491657762	69.98613	55.8549137064999	-124.336771318288	0
A	14	ALA	-105.099550030531	52.51007	46.2227702481872	-111.803113902286	0.541868
A	53	VAL	-97.7705748045717	75.2957	58.2107398162425	-117.617245560333	0.595582
B	98	LEU	-71.9584082846144	25.18335	23.0634897673056	-75.3391386961945	2.83236
A	7	ALA	-71.7602667251244	43.66926	35.9923794489235	-81.634749158624	0
A	38	ASP	-70.7654406213475	60.03065	44.1770521246895	-94.305102647478	5.967892
B	14	LEU	-67.8335256090572	74.91432	50.0418941256615	-104.278456127229	13.67945
A	21	VAL	-67.380120217625	75.7225	53.1613442703903	-94.9636080725939	1.18674
A	50	LEU	-67.3168353053313	76.87724	53.6250466068888	-96.038637232846	6.575397
A	25	VAL	-66.6125679622091	68.46524	49.4160791009188	-89.1767059560513	2.710012
A	73	ARG	-64.8258522162035	76.30445	48.4330348982207	-105.615007748141	22.05746
A	64	PHE	-63.9628149030224	83.77699	56.0264397728199	-99.512398131569	13.34636
A	61	LEU	-52.7814300944333	64.50179	43.7212074881451	-81.8403319463285	14.86995
A	91	VAL	-47.4663611125685	52.3814	37.2998480326057	-65.2598813989176	5.582368
A	81	ALA	-47.3100302559639	53.9996	36.5554494475305	-70.5138925236318	1.747239
A	71	ARG	-46.9444410093771	55.05989	38.4221462164754	-67.0476542213096	15.290698
A	49	MET	-37.09124403636	68.60493	43.2617965258966	-71.0432036510214	4.7484526
B	127	SER	-36.5241363137194	17.0287	15.243875272572	-38.4095940798272	2.72306
B	99	SER	-35.0318380761672	28.61057	21.01836533732	-45.1027438453727	0.698237
A	42	MET	-34.3390480959298	82.07438	49.7787128823607	-82.3991918596059	2.7865897
A	15	GLU	-32.18433232814	48.83829	30.0196898590019	-64.4282847379454	16.18278
A	80	ARG	-29.0092758776109	42.66276	26.9984794073214	-67.2110517495428	20.27144
A	88	ALA	-28.3858649761322	37.282	24.9078363026381	-44.0668413483809	7.60382
A	28	MET	-27.4087110296876	119.67587	66.8289091924942	-105.645572858921	10.598282
A	78	LEU	-22.4007420673405	54.08812	31.7706150984865	-63.1659335799874	13.094015
B	128	ASN	-22.0751121221869	59.22849	33.8206037773469	-59.4374305885074	7.034438
A	17	ASN	-21.7731100836629	60.1125	35.0593702542871	-56.7472792224625	3.30231
A	65	PRO	-21.7345908596274	23.5548	16.8557421967506	-29.616927661394	9.0795
A	39	ILE	-21.6353596754379	84.0502	47.3226610640109	-72.6401572162985	1.28072265
A	22	GLU	-21.5602728944354	46.22817	26.6678741363853	-62.9149411858858	17.35857
A	13	HIS	-20.2162202275801	83.8791	46.8023664134145	-71.041205178352	14.67978
A	27	TYR	-20.0548694508945	125.33145	65.5163917271738	-118.403790378515	10.807775
A	46	VAL	-18.2484492587069	54.10234	32.0106905760448	-54.7392259657434	10.620564
B	125	ARG	-16.095080931262	48.4674	28.1326828915387	-42.9906822155692	6.94758994
A	95	HIS	-13.9678579876204	75.3936	41.4654933016041	-61.8167209092659	5.54144265
A	4	LEU	-13.1260335107152	42.72122	25.1355808695526	-41.9194190745767	15.76465
B	19	THR	-11.5137482377625	60.7269	33.2069584837794	-48.9120951883819	7.859879
B	45	TYR	-10.225530626642	40.36704	22.611984940033	-35.9880308721782	6.233816
A	75	GLU	-9.91514507266034	20.6192	12.7417002351761	-19.8400440572136	6.91598
B	89	TYR	-9.68043879681871	10.2037	7.35541246688366	-13.0202523253388	1.28301
A	92	VAL	-8.19741502822444	68.59842	37.4878319729969	-59.184503974462	14.633133
B	47	GLN	-6.03595201920855	36.81869	20.0289762474076	-29.9773852863778	7.374713
A	43	LYS	-3.80927794569899	37.94282	21.5248694638304	-35.5276587215003	15.53726
B	68	ALA	-2.89758354750131	4.7114	3.05809450639486	-4.93381808164555	0
B	130	PRO	-2.09165277348197	18.6083	9.82651331609487	-13.9734904515614	0.901672
B	18	GLY	-0.95536828364521	31.234	15.9477499625951	-24.0524654582575	12.27919
A	8	GLU	0.232515608184277	35.0107	17.4472169098139	-24.1564239016669	14.59978
A	19	GLN	4.5726325165355	1.77586	0.125682010107189	-0.130351068157507	1.62967
A	29	GLU	4.8594253207498	72.1382	35.1846549268842	-53.4749772832965	24.63413
B	93	TYR	5.87092365435768	1.44124	0.0241156837741286	-0.0243197220085417	4.56744
A	16	GLU	6.4094114912758	39.67447	18.3237328585418	-25.1217746555372	3.60665
B	349	PRO	6.75128787852171	2.48055	0.153063707116619	-0.157989873011191	4.78914
B	71	THR	6.79885160441986	10.26401	3.80953106114134	-5.10376306318954	4.87335
B	102	ASP	7.28557918782686	16.88447	6.74034444418907	-8.8209688752971	6.70354
B	21	GLU	8.46619575193901	2.43338	0.0727826905141026	-0.0738933630577372	4.28023
A	87	ARG	8.8601833381812	80.0624	37.9330830255896	-54.3453854456061	22.69807
A	59	GLU	9.32439141806043	30.98295	14.3442786835361	-25.5633418238651	12.8167
B	325	LEU	9.44393294064026	2.64034	0.0718294653050974	-0.0728246019517076	4.30192
B	22	ASP	9.84386146086635	17.1041	6.15683651858866	-7.6323400715458	8.29399
B	355	ASP	11.5765479675922	4.37116	0.288881866657436	-0.298870290909577	5.57249
B	441	GLY	13.8123115269565	9.23175	1.68938010812178	-1.86584918947944	7.13321
A	67	ASP	14.4674035680514	7.39542	0.916083956340104	-0.977991395305136	6.03988
A	20	PHE	15.8173633117391	66.93825	30.2211221319561	-42.723156864573	22.84626
A	82	ARG	18.474355968228	7.36032	0.553205740163326	-0.575099560731558	3.94158
B	153	SER	18.977763693646	6.5744	0.347254523068666	-0.356761665032744	9.15539
A	35	SER	19.4153612326568	17.05953	4.14934461395681	-4.76047404867426	9.22357
B	159	HIS	19.8670938001434	6.58372	0.308896968099065	-0.316467757058192	8.11973
A	40	GLU	20.6280659913976	7.86288	0.5318674576056	-0.550710677479329	4.49713
A	34	VAL	25.1743931179554	72.56492	30.9671463697001	-42.9966247624073	15.791361
A	94	LYS	25.4005699390488	21.1344	4.88510384330749	-5.55522882528379	10.2789
A	9	ARG	25.6727446520288	42.8766	15.2672209048212	-18.9801552587214	18.12349
A	58	GLU	25.8590232388613	10.38797	0.887634708505683	-0.933816541122926	8.07908
A	85	LYS	28.2315863361647	40.41368	18.4124458693918	-33.8101913416915	26.17014
B	155	ASP	30.8412357334208	19.529	3.65097571476698	-4.09674863047527	9.662067
A	32	GLU	31.0158694300965	40.53709	13.1006219308063	-15.9615529372572	15.773587
A	98	LYS	31.1155520626319	38.6401	12.6626514732372	-15.4907115808686	18.34674
B	15	THR	31.3284632226679	29.89941	8.75682571169443	-10.8932662771621	13.9303766
A	12	LYS	32.4844891919479	34.37353	11.8900332489865	-17.2881188642879	18.83432
A	26	GLN	32.651243092137	40.70846	13.1228444529314	-16.3100686951865	14.45009
B	16	GLN	33.4880540969375	65.27574	24.6743623750333	-31.6070480701779	8.086978
A	48	GLN	33.6960064176361	53.5433	20.3789541904395	-27.1600498783266	24.58391
A	33	ASN	33.8532204296581	15.9126	2.07229507685117	-2.26017018444347	10.0216
A	23	ASP	34.7238504670941	39.91252	11.8389864558971	-14.1125349712238	11.67023
B	20	PHE	36.9461848700781	51.7658	18.2726930901662	-23.4439376130173	15.74294
B	443	LYS	39.5368487657546	35.4508	8.75250536341667	-10.051937061809	21.8164
A	52	GLU	40.4871950050888	55.20107	19.0026990814205	-24.1442094828603	12.89158
A	36	LYS	40.9140884641551	44.7833	13.1170338517427	-15.7416789753204	15.90935
A	51	ALA	42.6108826563415	22.508	2.94599155503511	-3.15745512419464	8.32518
B	350	VAL	44.0426967564995	19.0636	1.72093291363418	-1.80362600961963	11.8497
A	99	HIS	44.3662056813077	58.54318	18.7453776903698	-22.6673186961212	20.24192
A	96	LEU	46.5401700413359	50.3043	17.7948088951771	-26.6571266024337	16.6687
A	62	ARG	48.7828746191834	28.8223	4.48020152364224	-4.86929971879717	10.0585
A	54	GLU	50.7198937430592	55.04851	19.8381049782725	-28.9387895637985	21.500575
A	63	ARG	52.6237335443462	61.93295	20.8645972541787	-28.8107487840303	24.70072
A	37	TRP	52.8577547856241	52.92767	18.3597014226641	-26.6316815753887	31.68745
A	3	GLU	53.4904126597917	62.09779	19.3918534795739	-24.3466766818278	34.10908
B	418	SER	55.4203120996882	27.7651	3.36668833635747	-3.59715836415478	17.9117
A	2	GLU	55.6887498253851	30.645	4.28317862257361	-4.61368790306052	19.8356
A	6	GLU	57.8670271846723	49.97581	12.7403057571314	-15.1531423837325	23.8146
B	468	SER	58.7701168739784	31.68956	4.33513540827483	-4.66698137691678	22.43643
B	157	GLN	59.105880137727	30.85301	4.09470039379895	-4.41893522917673	8.98196
B	90	GLU	61.11507814924	35.08561	5.27074014673248	-5.72169217536241	15.3728412
A	44	ARG	61.3932114087375	30.06648	3.64775498705223	-3.91598509937285	16.76171
A	31	THR	64.3390768143622	34.19198	6.56895846983019	-8.79353545145949	14.85009
A	47	GLU	67.1988325450509	32.56424	3.97597180326469	-4.25590324678426	20.52683
A	30	GLU	74.7578566075018	40.5945	5.72721616283655	-6.20499683125673	19.68658
B	103	ALA	86.4645991024875	69.80216	16.4943424656081	-19.0807317040709	20.9948
B	105	LYS	91.7164077131945	68.6815	16.118559017241	-19.2845794544773	18.22884
B	353	ARG	120.822966175668	74.16774	12.5794205812606	-13.8493335736248	27.97358
A	55	ARG	124.255281422842	66.79052	9.69315814031824	-10.6190871118232	36.6925
B	357	PHE	131.726967723909	61.81543	7.19777126294633	-7.69619508320217	37.03103
