chain	seqnum	resname	area_pseudoenergy	area	area_expected_to_persist	area_goodness	boundary
A	102	TYR	-295.377086050238	126.50604	111.290601459072	-312.389175660591	0.8374096
B	468	SER	-182.180669243773	76.39289	69.1727313674354	-190.132387438727	0.041402
A	228	TRP	-161.147315792072	90.74666	76.7608786763602	-176.603960288193	14.436829
B	467	ILE	-151.841032467445	79.03952	66.7148556672883	-166.175509179503	2.4167106
A	56	ASN	-151.795584461103	68.71274	60.6724797172034	-160.867921099953	13.625537
B	418	SER	-150.495792940963	63.33436	57.3094829105532	-156.928938721364	9.650151
B	384	GLN	-142.92005321147	65.25372	58.5028721484005	-150.075677749049	4.0297
A	104	TYR	-125.545723191605	46.02585	43.1082393563604	-128.568024142866	0.0150766
B	417	VAL	-121.702775534902	41.5266	39.2648535822988	-124.039505828197	0.083234
A	52	TRP	-87.2304146298742	48.01732	40.4554013258231	-95.9274338816739	0.415115
B	18	GLY	-80.6542681490649	48.88155	40.2720034418041	-90.4964435717594	0
B	438	ILE	-78.3889973770372	30.09901	27.1851306142902	-81.6303215110468	0
A	225	ASN	-72.6279246773368	32.75281	29.5304003730375	-76.0208950228352	0
B	409	HIS	-71.9221836566039	76.53416	54.9686142225856	-97.7636617318522	9.985502
B	440	SER	-68.6306033358868	24.47971	22.5045188540059	-70.8141897189546	0
A	31	ASN	-65.6359780836142	65.8202	47.3431521282394	-89.6254634069852	12.06234
A	28	SER	-62.8241663544485	41.55418	33.233822932708	-73.8948247523049	7.28891
A	103	ASP	-62.7363634319212	33.83918	28.3271564661038	-68.9418163967466	0.0945646
A	58	ASP	-59.47525111885	39.32156	30.3215065662849	-75.0534000061971	10.490754
B	441	GLY	-53.1891464974162	35.17574	28.0065926680416	-61.690339500192	0.918504
A	101	TYR	-48.7266151696404	110.66883	64.8910618144986	-117.038961709609	12.96903
B	469	ASN	-46.9872933594316	23.5621	20.7092240812969	-50.0333532366583	3.8481883
B	443	LYS	-45.801577361864	58.74825	40.4130840784531	-86.5089032669625	27.2338
B	412	PHE	-39.6296295152721	22.27098	18.9935629152441	-43.1911096676694	1.4289
A	227	ASN	-38.044440312321	45.92893	30.4041977114019	-61.3196254353871	5.7909483
B	349	PRO	-37.712989559422	39.46816	27.7384576643252	-52.3929660691004	5.07963
A	54	GLY	-35.1797838090255	54.23128	34.3831990504228	-66.1801753191018	10.989342
B	16	GLN	-33.8147190469549	41.47692	28.5056856201142	-49.7507882698903	9.91986
B	19	THR	-33.1772535644981	57.77566	36.6364747427344	-60.0271274708042	7.704689
B	465	LYS	-32.9669857776464	51.01849	32.9299363090479	-59.3687939284006	16.7631306
A	184	TYR	-32.0891809041858	31.61706	23.1748494491851	-41.9319507393882	9.5152356
A	53	SER	-31.5420820274702	12.3913	11.4900902932048	-32.477744917279	2.75117
A	27	PHE	-30.7686018578291	26.21896	19.8107899893737	-38.2708682625154	4.090029
B	382	LEU	-29.7100894250176	13.9306	12.4545566411257	-31.2703348482983	0.0955216
A	226	ASN	-28.5572431784865	38.01511	24.3748515967438	-50.3502640755383	17.480455
B	17	LEU	-21.5143409914223	36.83283	23.0311087929091	-40.7418800238666	7.32973
A	230	THR	-20.7622934465222	10.5281	9.24193189777732	-22.1340725486501	0.0263254
B	385	ALA	-15.8467319063466	9.44537	7.95869736088574	-17.4643397009897	4.46901
A	26	GLY	-15.1098394751044	46.24569	26.8515462575012	-40.3075795157586	10.24008
B	348	LEU	-13.1381867584178	16.2385	11.2356235842705	-19.1187541789614	6.34402
A	2	VAL	-11.2209572863404	32.9065	19.0593402277231	-29.9194211755131	4.1099
B	408	GLN	-11.213537433642	14.17815	9.67242696436569	-18.0674728538621	4.104512
A	32	TYR	-9.04166236195736	39.13954	21.8050520083073	-32.1125520646409	2.14218
A	57	THR	-6.64097379173331	5.31066	4.12843373585701	-7.97829371492103	0.572962
B	415	ALA	-5.95142624833357	5.76548	4.25118931824923	-7.70810820440912	0
A	166	ASN	-5.36025859724391	15.80205	9.16532082935721	-15.0913528609356	5.44558
B	470	ARG	-4.24027597710394	6.09398	4.02957712401211	-6.81673605496742	1.959429
A	97	ARG	-4.09510132518654	19.3141	10.6770071559846	-15.5433956895997	2.33117
A	229	PRO	0.0783280765017276	2.18244	1.07164008257389	-1.47393947633308	0
B	419	LEU	0.713075817518054	1.50037	0.575197535689473	-0.725409173091413	0.410977
B	26	SER	1.24897495875758	5.16797	2.27325221326947	-2.99531581620945	2.23253
B	471	GLY	2.36934230834261	30.558	15.2318399552926	-23.5043924633209	7.22292
A	25	SER	2.71543095603411	1.01962	0.0664601951347291	-0.0687251533481733	2.11754
A	105	GLU	3.16443804959205	3.78007	1.18303554021597	-1.4628848056993	0.209176
B	466	ILE	4.07613264140139	14.01117	6.05026022282511	-8.12541438970205	8.8517
B	22	ASP	4.38417754391347	35.86492	16.9899584429222	-23.7018003659459	6.96762
B	350	VAL	4.42163656031089	2.48417	0.358496489357948	-0.387157649532608	1.73925
B	472	GLU	5.19985114062772	3.24425	0.543710503816605	-0.595101316961971	4.95427
A	162	SER	5.55496422643471	1.50327	0.0364377950299904	-0.0368866716911358	3.27026
A	30	THR	11.6050674479212	10.38557	2.5992193261002	-3.01133244416079	9.552302
B	47	GLN	12.8793784030305	7.07058	0.984568433661461	-1.06023036958162	4.42089
B	29	ARG	13.3708650412172	10.9278	2.48399628417492	-2.81802955627391	1.61641
B	15	THR	14.9837192939725	13.07807	3.20690151925609	-3.70311851784007	8.93959
A	108	TYR	17.5151368241701	17.37034	5.17910994871303	-6.37929390084906	10.09111
B	411	GLN	18.6721977485666	23.09604	7.19681257926017	-8.70898457905261	10.52642
A	55	GLY	19.3496536743415	22.97436	7.09521791519165	-8.85042264981971	10.44476
A	100	THR	20.1470686839934	18.48171	4.65308477224857	-5.36257525283401	16.00595
A	64	THR	20.4966101791556	5.41409	0.120124936723057	-0.121477616481765	8.24836
B	20	PHE	21.7002818399698	50.79472	21.1485489874171	-29.75309978701	12.90629
B	473	ASN	22.8090727422557	36.80087	13.4555974847425	-16.9201975657345	17.75206
A	99	LEU	24.5761002493284	15.5371	2.73474516491324	-3.0390340937427	13.11343
B	25	LEU	28.0138663185809	13.68005	1.61654024340138	-1.72774652309814	11.35789
B	353	ARG	29.2490756853571	24.03721	5.53873558319435	-6.31733308218179	11.54714
A	134	SER	36.9630705151074	18.414	2.18086063358188	-2.3212035107595	11.0284
A	161	GLN	39.843013124933	46.27857	14.6812575494821	-18.2270172801802	17.7079
B	50	TYR	41.7301665044391	24.3156	3.70479020978808	-4.01942787427494	7.89635
B	21	GLU	50.3297030059849	52.8915	15.9395481987834	-20.0527096223515	14.44937
B	474	SER	59.4855111402058	30.43815	3.84994310361482	-4.13263582001067	14.47369
A	1	GLN	121.532428681114	72.52838	11.5074537857664	-12.5517816545744	22.16086
