chain	seqnum	resname	area_pseudoenergy	area	area_expected_to_persist	area_goodness	boundary
A	74	PHE	-225.858643830069	105.54432	91.9491901768798	-240.813739412172	2.404667
B	467	ILE	-188.870290243848	92.93687	80.0101335054272	-204.465057875235	3.5149069
B	438	ILE	-116.156762122433	32.3233	31.3749864787102	-117.121825377949	0.0512714
A	86	LEU	-106.430907083019	53.5624	46.0942718001187	-114.808419088466	0.444453
B	417	VAL	-102.907930242295	37.42596	34.084032957114	-107.625447541816	0
A	72	TRP	-101.37416421191	91.309	63.6733247264683	-142.205497001013	4.105311
A	88	VAL	-99.74965556225	38.87576	33.8612282597405	-106.352170348623	0.2223111
B	409	HIS	-87.8947590289688	63.458	50.7088434330821	-102.146266934657	11.355633
B	412	PHE	-80.5386096151738	31.91805	29.5311468121976	-83.0212523553947	1.06254
A	127	MET	-73.0575397592336	42.15438	32.6775965660259	-87.8241067157085	9.742414
A	102	VAL	-66.1674006807846	39.01058	32.8677883036733	-72.8763375100788	0.307553
A	125	VAL	-59.0981462255094	37.5058	31.0537491758585	-66.1854515127111	1.45857
A	100	ASP	-57.9340734113835	41.0174	32.4166733840406	-67.832197009853	1.576275
B	440	SER	-57.5373282786805	28.50669	25.0348553664756	-61.2679020014371	0.0399618
B	384	GLN	-57.1932464001742	56.4656	40.9679338929415	-75.7866088161203	7.38161
B	22	ASP	-48.0189270533729	58.63814	40.0599551106402	-71.5966799530106	2.618656
B	418	SER	-44.0003228690833	46.16383	32.1398548530786	-62.9335028450618	10.117053
B	468	SER	-38.6622748050956	61.19192	39.3005341630986	-77.6219741870306	10.307271
B	25	LEU	-38.6548652336482	68.77646	43.8230285976685	-73.0678008349115	15.05019
A	76	ASN	-36.4041384947833	53.19436	35.0346374586594	-59.6903819689912	3.619764
A	73	PRO	-32.8151440755814	30.00874	22.2185785305679	-44.1556927384447	13.40831
B	465	LYS	-22.7573084477138	85.68392	48.2845461644328	-88.9984761191642	15.28062
B	19	THR	-18.2249663293408	45.5492	26.9928890987843	-43.5969721775739	13.498201
A	52	TYR	-17.9047561414847	43.1641	25.9100782527924	-40.1788420643211	1.643476
A	35	THR	-16.5769092940958	32.76417	20.2053730547681	-33.776074447517	8.79324
B	349	PRO	-14.8604706411051	50.99931	29.3531515587719	-44.8660248973099	11.124524
B	415	ALA	-14.1499498983463	7.09424	6.24453207496643	-15.0550115729542	0
B	382	LEU	-13.8464712545254	8.66723	7.20834376366138	-15.4439287288012	0
B	408	GLN	-13.0077846720307	9.5365	7.59495453232527	-15.178696346503	0.235436
B	18	GLY	-11.4359038329011	42.13556	24.0510719448023	-39.6360583250208	9.296989
A	134	GLU	-8.08522097889116	34.09082	19.1191143440216	-38.6219267385235	15.505258
A	33	VAL	-8.01737931109923	21.58044	12.9316928355816	-20.5977930140427	4.020171
B	466	ILE	-7.74869425440304	16.724	10.2652468421459	-15.9113561545176	7.46281
A	78	LEU	-5.7268610263039	31.6447	17.1732232758999	-25.9188816196964	12.93551
B	441	GLY	-4.17918838206601	14.1385	8.43278961622938	-14.251796504926	3.56552
A	49	ALA	-2.26289297432968	10.89141	6.00867675542593	-8.74662700454431	0.852219
A	50	GLU	-2.02561353388439	48.80214	25.8628603348775	-47.5400642238834	15.73503
A	126	LEU	0.570603323435776	2.71712	1.21643112410545	-1.61301351279097	0
A	75	VAL	2.8048250205577	20.54165	10.1416535476066	-15.1007081280894	9.57444
A	164	ASP	3.20657448816829	18.6185	8.50958201496303	-11.3710199975859	10.6574
A	89	MET	3.30088386123826	1.58591	0.175908577244952	-0.186451730263013	0
B	472	GLU	3.5123118673022	1.04244	0.0346801395437121	-0.0352701354204054	2.58235
A	62	PRO	3.98768866537704	1.06766	0.0248946161783859	-0.025189441903638	2.60777
A	84	GLU	4.38215686892212	21.1485	11.3408682159662	-17.5368814487011	12.82803
B	28	GLN	4.8138171332989	1.21504	0.0226877323204279	-0.0229022239562075	3.09702
B	348	LEU	5.36250503603711	2.62534	0.301396402824521	-0.320146672778571	3.88638
B	470	ARG	5.47355436987089	1.55026	0.0441053866003081	-0.0447449524609321	3.26323
A	9	GLU	6.1493538801624	12.4781	4.73208762107789	-5.94951975432596	7.34683
B	32	ASN	6.49460899857494	1.5775	0.0252899908833206	-0.025494904555694	3.76509
A	90	ASP	7.1407044248971	15.7421	6.11586644931436	-7.74269866191942	1.91895
A	71	SER	9.1177690042685	17.5445	6.54276198123395	-8.1877944305724	0
A	48	GLU	9.65144880650766	57.80635	27.4031982451697	-43.2169155130626	13.39143
A	132	LYS	9.85526953284836	2.14276	0.0213383821978793	-0.0214453405564413	4.29269
A	79	ASP	10.042108362554	21.3435	8.20653306609392	-10.3583651867866	5.34465
B	469	ASN	11.5152770608302	7.39652	1.32686748306856	-1.47163296817414	9.68751
B	473	ASN	12.0178456556979	42.5671	18.3055816902667	-23.9682587980823	21.945
A	54	TYR	12.0380876914853	8.08203	1.48708196145371	-1.64339328326869	3.1615
B	350	VAL	12.3353550402472	16.8167	5.45572702421248	-6.59531435328275	7.96893
A	136	HIS	12.6872588113393	9.40219	1.93734884069473	-2.16979883579669	7.6193
A	63	LYS	13.5297248580272	70.41864	33.6882774137677	-53.9694418805223	20.87593
A	104	SER	13.9433320913468	5.88076	0.504430030264258	-0.527625076026801	5.81473
A	31	LYS	14.3617187428025	12.5939	3.05090055517405	-3.49360738490382	6.21631
B	17	LEU	15.5941526848026	23.68802	8.56714080634952	-10.858581517338	12.77737
A	60	GLU	16.3138195303029	30.99936	12.2981318533087	-16.7067779820973	11.93886
B	26	SER	17.0523083714351	16.4196	4.69195174411386	-5.6480942133095	8.00119
B	436	ASP	17.4574962984747	8.02021	0.816966808564216	-0.861637131475523	6.03744
B	356	SER	17.4716718183903	5.1785	0.171520286634564	-0.174425123298046	6.25992
A	65	GLU	20.3665950922078	6.22443	0.227458560151197	-0.231718661470482	9.68756
A	64	GLY	20.6573894181674	20.8925	5.66520420983434	-6.60831132698709	8.67731
B	464	THR	24.7889436655711	8.57804	0.596856096837185	-0.624343009858873	10.89993
A	163	ASP	25.0031702907975	34.13755	11.6600086919492	-14.6735272558868	20.77157
B	471	GLY	27.7444931230302	19.07409	3.61463413752764	-4.00913275544243	12.07852
A	129	GLU	28.161345948654	16.1037	2.53745155556262	-2.79572018846477	10.86666
A	80	ASP	29.7049634697067	24.4984	5.616363309443	-6.37930444666836	9.97001
B	15	THR	30.3240812655849	11.46013	0.807670460379273	-0.841842779511081	8.20348
B	16	GLN	31.9785856172026	38.43457	11.8726617472048	-14.3621372719506	11.1305
A	77	MET	32.2554013870459	49.837	17.3933482999891	-21.9936561372114	13.32509
B	463	LYS	37.2619261320122	16.4374	1.54350019188523	-1.62085101912304	13.1087
A	138	LYS	40.3916616418377	9.50528	0.133758858332634	-0.134708912934245	9.91475
B	357	PHE	40.6687979362324	20.2234	2.38747727212757	-2.54058071100896	14.6688
B	21	GLU	44.22653930063	44.54842	13.1341931782217	-16.9272284939583	17.56316
A	46	LYS	46.3967196195148	40.65068	11.2414984700286	-13.6328861643025	18.26258
B	411	GLN	51.9679061899298	36.20183	8.45419111206565	-10.2402434467688	18.6872
A	45	ARG	58.1404697546227	25.4019	2.55899755876213	-2.71500583430701	20.92872
B	353	ARG	64.6543134785933	79.3431	24.7679401396036	-30.2088968863344	24.60353
A	123	GLU	68.154858387059	31.59204	3.34330635984272	-3.54566766315038	20.58826
B	443	LYS	105.261408425198	34.70908	2.19351851631016	-2.2926815482404	30.96825
B	29	ARG	110.858322791008	107.42948	29.6640590866415	-35.3484724367568	25.481579
A	70	ARG	115.363712275506	58.79252	7.43070059562936	-7.98019630333469	35.27241
