chain	seqnum	resname	area_pseudoenergy	area	area_expected_to_persist	area_goodness	boundary
A	102	TYR	-324.269138557999	128.18179	114.793939039181	-339.015202176576	0
B	468	SER	-183.466020040524	76.52261	69.7460287559706	-190.605923293024	0
B	384	GLN	-168.773344036283	67.86254	62.5000297394168	-174.376754764538	4.195661
B	467	ILE	-158.815689138452	73.59358	64.6594811040175	-168.621793087112	3.569745
A	228	TRP	-152.329670104402	92.42569	76.3395995822519	-171.153600389841	15.47575
A	56	ASN	-150.411737186201	70.74127	60.6555794845957	-164.039391682734	7.81916
B	417	VAL	-142.261047222685	45.68717	43.4221995894897	-144.623949832762	0
B	418	SER	-129.374644801605	56.17462	50.7424395360613	-135.145783230778	8.59675
A	104	TYR	-111.358146027552	45.00554	41.5018405395627	-115.00647589766	0
A	52	TRP	-99.1969279414959	42.10612	37.5960876594234	-104.164593082268	0
B	438	ILE	-97.4871014580403	30.31273	28.4310519502631	-99.792418854487	0.362431
B	409	HIS	-87.8312810176251	79.79604	59.7656128970319	-111.472843943444	7.42943
A	225	ASN	-83.9956664554346	33.9569	31.24714664765	-86.8263053507134	0
B	440	SER	-69.8531947045495	24.00394	22.2777758981729	-71.7068971325252	0
A	227	ASN	-65.6475180039169	39.00762	31.7505436376071	-73.9097589430952	4.19061
A	31	ASN	-58.1846830152813	68.66719	48.109301888273	-86.9313089883905	12.42221
B	441	GLY	-56.2320763019815	35.25626	28.6560437824869	-63.7183558051497	0.917529
A	103	ASP	-55.6798117336418	26.12609	21.9582635833159	-60.695543632989	0
B	349	PRO	-49.1942353769245	37.71028	29.2021508279586	-59.0809598568134	3.80085
A	54	GLY	-47.1598147760425	47.90717	33.9242980750832	-66.2381142810647	11.947581
A	184	TYR	-47.1381055446401	31.3343	25.4744086192131	-53.6757161087928	7.938584
A	58	ASP	-46.8451935673916	37.76897	27.6946318731794	-65.3874748419816	10.652049
B	469	ASN	-46.6199794734719	23.38078	20.5314111306226	-49.6674013047907	2.57931
A	28	SER	-40.5995583305696	44.73083	31.8849133414365	-57.3944538069013	8.43333
B	412	PHE	-40.2212892989853	29.48199	22.8985099451014	-48.9674986372775	2.202963
B	443	LYS	-37.3896876486467	55.17643	37.6865704200539	-82.2866160099993	25.06057
B	465	LYS	-37.3338020041237	52.3041	34.6018577012414	-61.2135686702947	14.84659
A	53	SER	-30.4100494216033	14.49015	11.9968335745475	-34.459294427284	3.83728
B	22	ASP	-26.3145876758526	50.52933	31.1496753138793	-55.2656692059228	8.757287
B	18	GLY	-25.5850754831427	51.7887	31.9833657888651	-51.1651758275379	0
B	408	GLN	-23.2605308384324	17.4754	13.1180319751647	-30.3022786598504	4.28665
B	382	LEU	-21.0820033723418	11.6274	9.99653970901966	-22.8391985897548	0
B	471	GLY	-18.3613096145544	28.04601	18.3894805152173	-33.072424112555	6.771116
A	2	VAL	-18.2549422262155	39.36157	24.1451990974408	-37.5527830238579	1.815906
B	17	LEU	-17.7117455858093	32.07104	20.17880055968	-34.292098887898	7.02929
A	101	TYR	-15.5969628262276	113.81356	60.5379369809854	-119.82634697375	14.681796
A	97	ARG	-14.9730529292848	24.3745	15.7841625676751	-25.6186204234366	0.073331
A	32	TYR	-14.9187327282205	37.0239	22.9999707217134	-42.6159521211568	7.83699
A	226	ASN	-14.0061438235503	34.55371	20.9134506887957	-45.8189466476804	24.996541
A	166	ASN	-13.195148530234	18.11242	12.1355033045268	-20.5777123594337	6.25521
B	19	THR	-13.1777800867927	59.73578	33.5454077708715	-54.4641941406064	0
A	230	THR	-13.0761314082019	7.22981	6.21183508937538	-14.1733013364092	0
B	348	LEU	-12.7878617191961	16.3418	11.2141350978851	-18.9413860801765	6.29585
B	415	ALA	-10.3321524851477	6.94697	5.66644215240061	-11.7475570443676	0
A	27	PHE	-7.73578692218101	33.92061	19.3942315886985	-31.9735404411999	1.48914
B	466	ILE	-4.9342675425483	13.68352	8.06094363623619	-12.179651547354	8.78682
B	470	ARG	-0.955251417155852	4.06193	2.26868326337159	-3.32115758839275	1.71449
A	105	GLU	1.45569415938752	3.78463	1.53281271383584	-1.96501984224778	0
B	16	GLN	3.33364807017485	40.0549	20.1874620863163	-36.0961731542068	9.71504
A	183	ARG	3.81495597582214	2.71507	0.534888929517269	-0.595712972571728	2.18799
A	162	SER	5.22100839784478	1.38955	0.0317001118515618	-0.0320672978993842	3.18142
B	350	VAL	5.57013393125639	4.02797	0.807807182202041	-0.901582958606669	3.83895
B	47	GLN	6.69262268451872	5.04118	1.05642062591523	-1.18550029360449	3.44278
A	57	THR	7.86210074112422	13.87658	5.73934686298326	-10.7553896995822	8.31852
B	473	ASN	10.2579522448746	39.94955	18.0542516484116	-24.3235368148022	18.32952
B	472	GLU	11.3600507219186	4.90163	0.441952445676699	-0.46342842748965	6.5096
B	50	TYR	13.2218002425016	17.2638	5.47907287402153	-6.5914473151017	4.42417
A	30	THR	16.2636868972494	10.75007	1.94177972325921	-2.14208273615059	8.0777
A	55	GLY	17.0392928757886	21.18388	6.83031611585855	-9.09248884570371	7.9671
B	449	ASN	17.5976247057123	5.90782	0.285923454751298	-0.293074109534736	11.9221
B	15	THR	18.0324821095341	9.48821	1.35795072662339	-1.48368019220207	8.01124
A	161	GLN	18.2158338496515	44.37476	18.5831970453595	-24.8829698045733	18.911966
B	21	GLU	19.13568565688	40.66309	16.3692714529863	-23.8413629600462	11.6134
A	99	LEU	19.6346139765205	11.07391	1.68652342517346	-1.8580827097091	10.27638
B	26	SER	19.8278767732807	14.4026	2.9027224419266	-3.24162713830208	3.80441
A	108	TYR	20.2214230193557	15.15412	3.3053691327855	-3.79214470993655	10.40582
B	411	GLN	22.7916360352539	15.48986	2.90405379036412	-3.22015661487421	6.547272
A	64	THR	23.499949942675	4.86266	0.0384236121558957	-0.0385762238607243	7.81704
B	25	LEU	26.5660778768927	13.66458	1.71228372683585	-1.82977340567559	11.62574
A	100	THR	30.9268603812674	32.12475	10.5666161021441	-14.7734092518089	23.38263
A	134	SER	36.7377441200194	14.4109	1.04440626634732	-1.08418614528816	14.0321
B	353	ARG	41.3573963025671	30.18996	6.40332903438225	-7.29770333598259	15.99274
B	474	SER	41.4054479750872	16.28167	1.18696726328775	-1.23247178816874	15.99074
A	26	GLY	56.0287710847358	46.7762	10.9928003370866	-12.5980981991256	8.08905
B	20	PHE	61.6975653903735	47.161	10.3304180448741	-11.7850201404241	10.69662
B	29	ARG	71.6757109697649	27.23718	1.99888429916864	-2.08293225665363	19.64055
A	1	GLN	79.2287399845645	57.97916	12.2935821953341	-14.0763616374142	16.79502
