chain	seqnum	resname	area_pseudoenergy	area	area_expected_to_persist	area_goodness	boundary
A	101	MET	-415.660763552543	137.14089	125.693905416329	-428.779285343571	0
A	89	MET	-399.560257843492	121.53325	112.146157703503	-410.914407463694	0
A	87	MET	-370.401425861072	110.92419	105.423741082954	-376.158787534093	2.2904
A	74	PHE	-356.368404422855	148.93699	129.118326246503	-378.890141945367	3.778043
A	88	VAL	-351.744472255695	105.7979	96.8869576538394	-362.807328587656	0.129158
A	34	ILE	-341.648864700951	116.8306	107.297747520655	-352.227173362543	1.481192
A	86	LEU	-335.633407486808	124.23553	110.947311033052	-351.081003500891	0.817103
A	53	LEU	-333.507641515026	140.54986	123.02520796429	-357.04691155181	2.4309611
A	32	VAL	-306.701592793632	97.83629	91.8448724189037	-313.963345040611	2.383756
A	69	PHE	-303.164474367853	129.17711	110.865487822937	-326.704894649368	3.812744
A	102	VAL	-301.654129131201	103.35054	95.8316373046319	-310.392615912368	2.817257
A	126	LEU	-294.576030236332	125.53561	110.682406697	-311.609288145044	1.614234
A	91	ILE	-293.913961073003	116.67895	104.92087257061	-307.664071836804	0
A	105	LEU	-292.300675306304	112.75522	101.416352586423	-304.719842249009	2.155987
A	83	PHE	-291.783432196749	139.90517	118.000766260263	-320.157244659021	0
A	30	VAL	-290.957576588626	117.73606	106.142355349389	-303.687148489765	0
A	84	GLU	-282.270847457199	117.71982	102.015451029588	-301.48162357906	26.72084
A	72	TRP	-280.536001339376	148.5715	112.710962834235	-328.308983340973	3.859058
A	52	TYR	-278.862437527064	143.67196	111.966028371905	-324.138489916367	5.994226
A	106	LYS	-278.340263253923	106.77583	91.7055083749214	-298.226124191549	31.64018
A	31	LYS	-277.064892927547	126.32459	104.707220219487	-305.977679944049	21.46203
A	103	VAL	-272.090665441735	102.94313	91.5162775206459	-284.828600493339	2.305323
A	37	THR	-267.019301023824	105.64943	95.8836822925234	-277.444877344724	23.750767
A	36	PHE	-264.454181016363	129.53616	109.66227602931	-288.234109824984	0.123454
A	85	VAL	-264.152295639506	95.41758	86.7999951222396	-274.058944137885	2.30767
A	118	ILE	-249.140052217409	112.99081	95.4978340653589	-270.831958390458	1.788406
A	38	TYR	-246.774411384375	123.92642	105.836711225953	-269.198375145314	17.31654
A	124	ILE	-241.075845937732	117.1811	98.9782467530361	-262.866462213508	4.586724
A	16	LEU	-240.224449621569	89.79688	83.169704094522	-247.925322466904	0.378814
A	109	LEU	-235.39363483381	131.10215	108.031990994092	-264.095095082326	4.789411
A	125	VAL	-233.093906760713	101.17584	89.8071073977369	-245.470405989555	1.133951
A	107	VAL	-230.840615438928	90.3448	81.12509019889	-242.067707561108	0
A	54	TYR	-225.186496050263	115.41136	93.9447812126766	-260.831775283424	18.66578
A	121	GLU	-222.579644529374	104.03681	84.1149156393856	-246.841825528035	36.24593
A	99	VAL	-221.170604406888	101.53558	86.4269182803768	-239.266987135069	0
A	10	ILE	-216.058024275764	112.52819	87.2506500222981	-250.146070601128	11.840311
A	127	MET	-203.225218697397	102.0455	86.1099670744758	-225.960396425913	11.554077
A	8	LEU	-199.363762916438	109.07865	87.4910341683864	-231.937615012644	15.801859
A	108	THR	-198.251444689532	68.88482	63.2083086850339	-205.312289347823	15.05903
A	104	SER	-197.480881525377	87.05554	74.7839007230916	-223.020201334893	22.941459
A	33	VAL	-196.571744927096	95.29271	78.4568511006453	-219.293743342509	10.2321668
A	135	TYR	-188.510507163367	128.52837	97.1670573441532	-235.061909482349	18.151378
A	145	ILE	-186.37853200293	91.55113	76.508427493175	-206.516924680693	16.187825
A	44	ILE	-182.788324402601	116.40793	94.965834494282	-207.280551588935	5.31376
A	116	LEU	-182.571788033286	101.60195	82.4039459664822	-205.560680109106	13.70243
B	467	ILE	-182.472142853514	93.83377	80.0950476736693	-199.234137891552	1.5201484
A	143	LEU	-176.588105716238	114.07005	85.4930989091745	-224.056837865133	30.864511
A	47	VAL	-173.959433865433	100.92422	81.7682122454423	-198.180899527478	8.48799
A	151	ILE	-169.117633561338	98.45577	80.980755373814	-192.94720005428	20.96908
A	117	ILE	-165.92807672412	90.34021	74.8659872780752	-185.105418369705	9.74834
A	100	ASP	-165.887915417532	104.40545	81.893325061509	-193.395004599972	5.379269
A	61	PHE	-161.025401564197	119.08159	91.8580464611405	-192.9974964685	20.559306
A	29	ARG	-160.079680850567	135.62474	93.0251359238035	-246.421882280072	33.82002
A	90	ASP	-155.689957637119	106.36523	75.0579130327425	-208.542220039994	23.325342
A	28	TYR	-154.976899812407	137.98009	100.279202397515	-207.384234979725	23.113595
A	35	THR	-154.485095909698	98.41512	76.6756625736049	-186.242856436969	18.97344
A	6	TYR	-151.879735136318	78.58659	65.06358988186	-169.510490762445	15.43686
A	73	PRO	-145.846076413269	86.53052	71.1080107809685	-165.400627583845	21.4388
A	49	ALA	-145.371849336807	77.51868	64.4359289992899	-160.992454433652	4.340748
A	120	VAL	-144.573725493999	96.08787	74.1008302175227	-179.785088586455	20.043678
A	122	THR	-140.767241629634	92.49769	71.5273560827026	-168.020375964162	1.5378953
A	20	LEU	-137.255123066174	97.7658	76.4154833278727	-163.565919020384	0
A	76	ASN	-133.549086503323	95.66805	69.3471281585515	-167.628214408888	4.990963
A	42	LEU	-133.247551231966	104.46186	79.3339360617501	-164.020908836871	15.817701
A	137	LEU	-132.582275265649	135.9642	89.13148009178	-206.611803788558	17.37632
A	134	GLU	-128.174021550441	103.15576	76.5880426885784	-166.535597192713	22.15803
A	12	LEU	-128.145420418726	84.30464	60.2669919247699	-164.711417734567	9.1094283
A	81	HIS	-124.516765134165	87.68315	66.8527131036899	-152.180806655772	16.35893
A	13	GLU	-122.373004714974	78.95158	62.0609069861211	-149.167356804033	19.00468
A	119	ASN	-121.786354594111	88.48421	59.9568831356183	-170.898796288019	25.60013
A	155	TYR	-118.071968825128	145.26992	96.5786391318452	-189.144835415308	18.3659718
A	93	LEU	-115.205924787716	81.50752	65.013606960125	-133.994024300104	11.92314
A	51	GLY	-114.86303405409	54.12574	46.6051712145004	-124.002163047968	0
A	23	TYR	-113.512629739689	123.14979	85.7363802159172	-162.224466422633	11.664337
A	50	GLU	-112.357773617958	123.97634	77.3096345426106	-192.318639992356	19.7976529
A	144	THR	-111.782652195554	71.83294	56.1531748187852	-132.252669256761	14.006868
A	136	HIS	-110.9853777337	102.58664	72.3500025601023	-154.408562637268	25.404471
A	46	LYS	-104.621258788395	95.2334	59.264199010935	-178.636659023391	30.234014
B	438	ILE	-104.564667006291	30.9732	29.9153611658335	-105.642283970005	0
A	98	THR	-95.6308176754479	88.34891	64.9448232180228	-128.898672049467	22.05348
A	153	VAL	-94.9104211258617	83.57683	58.0913642211501	-135.101100326783	18.5541
A	139	ALA	-92.0680599000177	68.67803	51.2214001936689	-117.704149807895	3.2572475
A	82	THR	-90.3052286202206	50.08605	41.2690822554314	-100.826617142946	9.25783
B	417	VAL	-90.2550168697231	39.30528	34.6806910653245	-96.176621264898	0
A	75	VAL	-89.6804154769731	80.54385	56.5289507626787	-124.783990143333	16.634242
A	24	PHE	-88.8181177753995	113.35524	73.0146644231778	-144.944614359878	11.92285
A	110	ARG	-88.3449691331369	96.56748	62.5713291614918	-150.281179269535	19.62877
A	92	LYS	-87.9806798338382	72.30789	54.3855293448216	-115.219970616252	21.4232521
A	141	GLY	-81.9044771245464	55.33219	42.8158124057239	-97.2052765925866	10.039587
A	5	LEU	-81.3448980021816	66.758	50.6839246532321	-100.284701295856	14.5483
A	60	GLU	-81.2499607150377	79.91529	53.6355738956833	-121.063974489533	17.996471
A	138	LYS	-80.3590631404705	100.67945	67.9927009995511	-141.878526291845	35.836129
A	48	GLU	-80.2414428917138	90.191	57.1081743970382	-140.617276378768	15.16268
A	161	VAL	-80.2059002410526	62.09812	47.1899229232091	-98.9837071047818	11.96096
A	71	SER	-79.5762036976714	68.75955	43.9943869566912	-120.190672721706	0.8166159
B	468	SER	-77.368138641092	63.87389	46.4431565167375	-102.583918282057	7.537326
A	11	VAL	-77.0286686887765	34.59284	30.205574051547	-81.8742218661003	4.498373
A	178	ILE	-76.3737840164773	61.85274	44.0479221588951	-104.661885837708	13.468128
A	123	GLU	-76.0661636070104	116.13284	68.7052387652898	-172.676626625568	49.649844
A	68	PRO	-75.9009305774557	90.47072	61.5200354697108	-116.60022716871	19.895802
B	409	HIS	-74.4482995078107	67.6284	50.5948087319493	-94.1892436806344	11.115069
A	140	LYS	-70.2993277117373	71.90914	50.8171841903275	-107.61728110026	30.253658
A	17	THR	-69.1875853212054	44.87698	36.3069332905233	-79.2869009859035	1.76722
A	7	THR	-67.5005700389572	44.03764	35.6489114878047	-77.9505729087524	12.67407
B	412	PHE	-59.4285559745807	28.51245	25.3528114346206	-62.7782486432981	0.801898
A	162	THR	-56.9486800473466	57.85369	41.3996489334893	-77.0228803018578	9.5898
B	440	SER	-54.4411752787835	28.68238	24.8692159388793	-58.5492796771413	0.0503705
A	26	THR	-52.8603352114764	39.24	30.8859201072693	-62.3843956931874	4.17217
A	78	LEU	-49.6581459150437	66.0032	41.2144791898876	-84.3090631672648	24.28449
A	142	THR	-49.0306200489369	74.04249	48.4750866885015	-88.9647350045142	20.96123
A	154	THR	-46.1924949628327	63.57342	41.828889632583	-76.4956738244343	16.041137
A	55	ASP	-44.4703148653815	40.70047	29.707268634237	-59.1399886743008	9.46444
A	43	VAL	-44.0963010220599	38.66894	28.1669359339035	-58.5709184704402	13.02393
A	163	ASP	-42.9955893028702	90.529	54.3835686084416	-95.5661377499639	30.98694
B	22	ASP	-40.2105849524834	52.23964	35.1292647961783	-61.8440542701136	0.5242678
A	158	GLU	-39.2243862118521	57.38591	35.8177969535556	-86.8525789884442	23.232298
A	133	LYS	-36.3894643992119	63.99331	40.1839866148698	-67.120577944732	15.69987
B	19	THR	-35.2773376318114	47.944	31.8685800431728	-58.530396434803	14.550096
A	156	VAL	-34.7294514767729	75.82245	43.5121712130067	-91.3341426654865	19.2438457
B	384	GLN	-34.6089658330406	54.3412	35.0110318687648	-60.3691238482244	8.05565
B	418	SER	-32.9318388064412	47.4895	30.3900414141536	-55.4594034630328	10.527223
A	80	ASP	-32.7756600160651	64.79426	39.3464572116432	-78.3879481931028	21.49801
A	160	GLY	-30.7401638281047	54.36624	34.3727045091331	-56.3052021019508	0
B	465	LYS	-28.0843700473898	80.3835	46.4753438050184	-86.2781443714796	19.0593791
A	4	PRO	-27.0918986207067	28.15679	20.1615280578741	-37.1901354220032	6.61163
A	9	GLU	-23.1870173928689	45.74302	28.2291323140752	-51.2352553991646	16.70254
A	176	LYS	-21.3147141205745	59.1993	33.7217627575338	-91.4003559703276	17.76668
A	168	VAL	-20.3901149135818	67.46051	38.3346761631224	-64.2768764092912	14.94015
A	174	ILE	-19.9210887529533	92.44288	49.4575829304016	-105.575791042207	22.3936
A	19	ALA	-19.8038096843587	37.40954	23.5054719999421	-40.6791789385318	4.0002
A	129	GLU	-19.6587200439163	63.92	37.5980268636281	-67.9144281289615	23.87364
A	152	LYS	-17.6315843770336	86.32942	45.3318972508348	-98.7959108603718	26.56255
A	40	PRO	-17.1370494507543	68.00877	38.5169196268117	-64.2171724711805	24.34142
B	25	LEU	-17.0282668796639	66.833	37.2566534455299	-57.2682566809963	12.17446
B	349	PRO	-16.9302958981307	49.2894	28.8253782176673	-43.423027761659	10.301493
B	18	GLY	-16.2022698502914	49.61105	29.2259504133654	-48.8284231743897	7.701045
B	466	ILE	-14.4657969418871	17.84807	12.2019065979606	-22.3187936433291	9.10724
B	415	ALA	-14.1793978868126	7.42591	6.4676501921761	-15.2053792763619	0
B	382	LEU	-10.0578255373087	9.03174	6.79910560508966	-12.622423921412	0
A	56	LYS	-9.52498528163642	40.24	22.6725590382695	-34.8881503678835	18.64397
B	408	GLN	-8.98162246472594	9.02782	6.59077153819561	-11.8221402815653	0.451814
A	27	ASP	-5.74037728917159	54.84984	28.909524136461	-42.8540317418544	24.07689
A	115	LYS	-5.07168218136178	53.59184	27.4433355260247	-42.5951711033997	15.93289
A	39	GLU	-4.18813265605023	77.27655	39.646395715681	-58.4186563965115	24.31839
A	70	ARG	-3.398421393197	122.03969	53.4720534633455	-153.141808953429	46.20241
A	22	THR	-1.83439878311934	32.7701	16.8474458815813	-24.8380861665657	13.64069
A	79	ASP	0.518750688123895	22.0993	10.9199682825863	-15.0602142282529	5.70723
A	173	THR	1.73540636843098	37.75342	18.6126029945326	-26.9112051541319	7.97444
A	167	LYS	2.24548796246109	49.92687	24.3345658844155	-36.541244071205	16.33926
A	77	MET	2.75430485082712	108.26289	53.2091552547735	-87.775662044311	24.41664
B	348	LEU	3.21685235379605	1.22245	0.0820749445483089	-0.0849600762609619	2.74742
A	15	LEU	3.3849564747437	93.62771	46.8146395883074	-69.8015953191865	17.037729
B	441	GLY	3.60646064161676	15.79602	8.13990054839294	-13.6759599226417	7.120318
B	449	ASN	5.05295585573766	1.8202	0.106722890916467	-0.109979545713605	4.78261
A	3	PRO	6.45576353352656	34.76087	15.7870643775201	-21.3987990245604	14.60149
B	469	ASN	6.8579531128227	11.85651	4.32994162984639	-5.54671879453392	8.3581
B	32	ASN	7.16446258533346	1.63431	0.020141669866154	-0.0202668147824509	3.48265
A	148	GLU	7.76861212772181	1.65647	0.0150810388696473	-0.0151501097471926	3.36784
A	164	ASP	8.52906600134284	36.5366	16.1588373193979	-21.4265327226757	18.71915
A	175	VAL	9.83344751447322	38.34136	17.4214581218213	-26.2187274597152	8.15534
A	65	GLU	10.8890449474301	3.00226	0.0777829010964185	-0.0788082540677362	6.14227
A	58	GLY	10.9827810307578	5.3763	0.617094405005872	-0.655476575198174	4.76692
B	350	VAL	12.4218415927618	16.6253	5.34402571885288	-6.44698250203642	7.87463
B	356	SER	12.6025029025551	3.26585	0.0674596192793921	-0.0681660900555717	5.0441
B	473	ASN	14.3360816662966	38.0941	15.504791609183	-19.9075140303954	21.0205
B	21	GLU	14.8901588871731	47.14232	20.3891874282902	-32.9801258507222	16.450295
A	41	ASP	15.0819290732315	16.03666	5.20732037691921	-6.8513733506675	9.55964
A	147	GLY	15.1107510351155	8.00376	1.05231546855569	-1.12822559319117	8.36031
A	67	SER	15.9371574070518	6.68849	0.573239157494083	-0.600180534042113	7.42478
B	471	GLY	16.1001982310057	19.79296	6.10518592691928	-7.32965693839899	12.6538
A	132	LYS	16.2607120642032	6.70725	1.09701554932028	-1.26882735908938	9.19645
B	436	ASP	17.4115747938044	7.76191	0.744654234111607	-0.782836847159556	6.03043
A	62	PRO	17.9026732004558	15.55272	3.76673190817446	-4.33246645897683	3.91603
A	172	LYS	18.0636205840266	48.56268	23.1892731948337	-45.1974672344679	19.4373
A	170	PRO	19.1838503430057	16.21136	3.85264844388321	-4.4276742418598	3.6905
A	157	THR	20.2072831102602	94.94465	43.5623504526609	-72.6385153306387	16.68217
A	128	ASP	23.1389097924192	47.54733	18.8201769230458	-25.5668355390476	14.26083
A	45	ARG	23.1677270742655	95.43675	44.4641463901411	-76.4086132956023	41.653897
A	114	ASP	24.0985062282383	12.01247	1.46844843208358	-1.57203264946178	10.565727
A	169	THR	24.4208342141809	75.54473	33.4849315211295	-48.7733488256321	13.505293
B	26	SER	25.0170304190366	18.23667	4.06830053533927	-4.70850871875353	6.62647
B	16	GLN	25.3138076742098	35.01394	11.8524196128684	-14.7533139927795	10.2297
B	15	THR	25.3819809699868	8.68198	0.467400248143822	-0.482010996125705	7.35146
A	111	LYS	27.4028385951019	45.57255	17.8371949905276	-25.5989609602591	19.55678
B	411	GLN	27.5992858847283	33.61726	11.625247356552	-15.2515086550062	14.9563
B	464	THR	28.5416838399791	9.62689	0.636861738223918	-0.665803756956399	15.2597
B	17	LEU	28.7331221302373	21.83434	4.70411120189905	-5.32820410726554	10.89684
A	177	GLU	30.3622376154061	54.38451	19.9577668254185	-25.4295161746382	16.97169
A	149	GLY	36.6043175663276	12.2259	0.620655813098699	-0.640097027667488	7.477428
A	146	GLU	36.7291088148917	41.38142	14.6331384903643	-19.0153388464796	20.619687
B	357	PHE	37.8683995998957	19.3085	2.3813955078721	-2.54156357004861	14.5208
B	463	LYS	39.1567132598807	17.3758	1.6515049246341	-1.73534651901718	13.6048
A	97	LYS	39.884419430263	50.6368	17.8179353017703	-23.7107546863648	20.25686
A	64	GLY	45.4631739752754	40.0984	9.84843126577139	-11.3579186640219	10.92293
A	96	ASP	46.5385780281589	24.3461	3.13596716878414	-3.35714803200707	12.8303
A	21	LYS	47.6320254984643	36.67286	9.07408380079374	-11.0432797627756	16.16547
B	353	ARG	57.2850841330876	73.7453	24.3149236559853	-30.9504213009334	24.6475
A	63	LYS	60.9061518972626	139.67944	57.3612563830172	-85.249519034345	21.391549
A	18	GLU	66.3979567673786	23.49272	1.32309066067502	-1.36248949928349	19.18825
A	150	LYS	70.0225171910893	64.71542	16.7284023177361	-19.6399022988077	20.971248
A	130	GLU	72.913173327466	33.39101	3.60061321893502	-3.83415432434491	20.91284
A	159	PRO	74.8926748578142	72.57335	19.9095996394909	-23.8370316544645	23.531053
A	179	GLU	83.458949185752	43.12332	6.63255695606257	-7.34672227399166	20.82938
B	443	LYS	86.017629035023	30.72678	2.14209247955266	-2.23830564243667	27.32995
A	14	GLU	95.1582805302213	52.63771	9.98971267121725	-11.9528010959685	27.02948
A	171	GLU	98.8961563469365	65.1124	12.0274603883967	-13.4654616349997	17.30546
B	29	ARG	103.029821842019	103.52107	29.4114146965475	-35.3540580693651	24.212135
