chain	seqnum	resname	area_pseudoenergy	area	area_expected_to_persist	area_goodness	boundary
A	11	LEU	-217.355763241393	99.51772	89.023226648742	-228.518100655363	0.913431
A	41	PHE	-181.657508292989	104.25206	83.1332207421762	-214.392834915606	7.153406
A	77	ILE	-181.646116114853	88.9405	77.4475571477115	-194.379592848691	0.883328
A	18	LEU	-174.092985550035	95.07212	80.1413568897557	-192.003319555685	9.89606
A	84	LEU	-133.896809381246	81.3449	67.2280074042261	-149.683355003073	5.39982
A	56	ASP	-122.662049974315	61.14301	52.9276896306062	-131.729850066818	11.0372
A	45	PHE	-116.013027717259	88.80991	68.2296878719604	-140.422217748415	2.608068
A	60	VAL	-109.328173987897	73.17122	58.4336777640975	-126.35438433246	0.760286
A	10	LEU	-108.758459818049	83.5991	58.9548912993491	-147.747832811468	13.86429
B	69	LEU	-108.758011190848	68.3188	55.4280821123838	-125.045074825048	0.00385746
A	14	ALA	-103.631343827545	52.26196	45.4181988443667	-111.111796104079	0.494869
A	53	VAL	-102.467852064969	73.5283	57.0831941778302	-121.988992973044	0.27591
B	101	TYR	-100.417410936052	86.61682	63.3640234698832	-132.341697212407	4.82862
A	57	VAL	-96.6406649201653	67.84747	54.6214085635334	-111.384749034045	1.947495
A	24	ARG	-82.9754977004299	128.61844	82.2434572129295	-151.65559240263	10.84481746
A	25	VAL	-81.3256324538942	69.6307	52.4989936541796	-101.804654823638	2.320407
A	70	LEU	-75.9060402108107	91.2428	61.1093231099129	-115.096176857997	9.420188
A	50	LEU	-72.4218891114666	73.89462	52.5377217584562	-99.5712018043489	8.75998
A	73	ARG	-71.3142655344484	81.79026	53.2504002489936	-112.347693357752	22.96718
A	74	ALA	-69.0828752069575	53.50602	40.7947719304538	-84.1849349895947	0
B	98	LEU	-66.9020110994375	22.7834	21.6355385510325	-68.0797974738419	1.34691
B	14	LEU	-63.1135910378734	68.23916	45.3315715601856	-97.8517281184073	12.53335
A	21	VAL	-52.2696946175514	72.75671	48.489843541584	-82.5715541541825	1.396249
A	87	ARG	-48.6572346827381	85.9252	53.7742556238621	-92.7080726451845	22.86321
A	7	ALA	-45.8476921044517	43.35319	31.8422995842865	-61.6170655521655	0.3897783
A	81	ALA	-45.7473407224925	52.8352	35.916149960199	-68.0608840271894	3.29678
A	91	VAL	-44.6312243965958	52.0492	36.3788347329497	-63.4606044386528	4.561357
A	38	ASP	-38.4271183617989	59.63408	38.8894090213747	-72.9906244069201	3.3823019
A	15	GLU	-32.9780195791952	51.90541	31.287500881642	-67.8257454655714	17.227788
A	49	MET	-29.6661324151424	63.66347	38.8556671945035	-62.6115296770065	5.344525
A	28	MET	-29.6343144044753	120.45095	67.3506503544127	-106.959768668664	11.240503
A	17	ASN	-26.8982261927937	58.8668	35.6338017299384	-58.7196072712864	5.06133
A	29	GLU	-26.5604087047356	70.4562	41.3870508966982	-72.3525210918248	24.19688
A	13	HIS	-26.5122778398957	81.8439	47.0820191913694	-73.4019753875763	8.74381
A	80	ARG	-24.8383833702127	37.49603	24.3151861540795	-54.0813466387738	20.57808
B	127	SER	-24.1508657796812	15.2673	12.6637524474442	-27.0053854050206	2.24682
B	99	SER	-23.4366190162758	29.09435	18.9846299680215	-37.9242701164576	0.659451
A	22	GLU	-22.7068182689223	37.94252	23.3432831555637	-50.4009097117732	14.47999
A	88	ALA	-22.3370931291035	37.7632	23.4064922902137	-42.2128207934667	7.31394
A	95	HIS	-16.078584750312	75.2742	41.6491775141925	-61.254339019655	4.407328
B	89	TYR	-16.076929915424	10.9447	8.89687820683718	-18.3441778090024	1.48781
B	47	GLN	-12.9705046841464	37.3155	21.9806010269299	-34.4941803080467	12.43688
B	19	THR	-12.8392604732124	63.8145	35.0164175487578	-51.7050238670344	6.28676
A	8	GLU	-9.60213936278435	39.9752	22.3696629829049	-32.8611264851038	16.44071
A	85	LYS	-8.37354878301209	35.2368	20.77335438926	-42.4661750999321	18.47879
B	68	ALA	-6.76091897743008	5.58912	4.3049541771698	-8.21998869476743	0
A	39	ILE	-6.47331807011609	80.45909	42.0130827431917	-61.7747951270484	1.1716323
B	45	TYR	-2.85588731053689	33.85655	17.9871353275092	-26.828636230849	11.74235
B	128	ASN	-2.70447787837764	60.32223	30.6681877771798	-50.432807466112	11.9671849
A	78	LEU	-2.35692671283939	53.47334	27.9317175858453	-48.8983681972583	15.304876
A	27	TYR	-1.11872705147362	125.38073	61.4235093649695	-112.827488236593	18.335548
A	65	PRO	0.582068736747768	23.1277	11.4183404963076	-15.7416967903865	7.9951
B	15	THR	0.639369352879219	21.5006	10.5904694398642	-14.5857721444914	10.3535
A	46	VAL	0.887958947941548	56.76916	28.7669471261059	-45.4560666441825	9.6684
A	42	MET	4.17909897229449	86.61341	42.7586075420646	-67.3861860800861	5.533079
B	125	ARG	4.66934250833767	42.73358	20.2253116322434	-27.6081020229029	9.550347
A	20	PHE	4.8449735414191	57.04681	28.464321856932	-42.8462207821581	25.79148
B	130	PRO	5.08847042297658	20.2794	8.87421500916481	-11.6715555167652	1.53842
A	71	ARG	6.49745840993919	52.90909	24.965134241406	-34.4040489423605	13.378575
A	92	VAL	6.84878256036467	69.49002	34.237229947613	-49.0936544149832	13.9618303
A	4	LEU	7.1884443333578	41.48637	19.4389631838511	-27.6546071582113	14.76146
A	64	PHE	7.64327589338754	84.22149	40.4856973385134	-59.5097024670722	13.0638493
B	349	PRO	7.70250346475404	1.80227	0.0247590344147664	-0.0249306742080616	4.75899
A	32	GLU	9.68571151931298	43.93795	19.583605256775	-26.0303442170242	14.403775
B	102	ASP	9.93923564009939	16.11632	5.91244913758241	-7.90091711419854	7.00993
B	22	ASP	11.525312253666	16.6831	5.5695991766721	-6.77726866047367	8.46162
B	71	THR	11.9350096206495	11.41827	3.26095531203806	-4.04996022536879	5.56617
A	43	LYS	12.1052922899195	38.20731	18.0476422608875	-26.1919410452324	14.97857
B	21	GLU	12.6496751628354	4.41844	0.238670395700485	-0.245358474857956	4.17331
A	16	GLU	12.7155301426603	37.8168	15.8883871890172	-20.9258162074353	3.68569
B	153	SER	12.8951359524607	3.68128	0.107603747491837	-0.109207708460592	6.8796
A	67	ASP	13.3749799757695	9.01517	1.66675206429467	-1.84291414360325	6.48356
A	61	LEU	13.4449283710845	64.28964	29.2523447549373	-41.7618276839003	15.85841
A	98	LYS	14.0239417467334	40.82159	17.9050135721014	-23.977690787647	18.84752
A	75	GLU	14.7950881902584	21.9509	7.41062171833813	-9.04125808036497	7.33293
A	26	GLN	15.9386275047177	40.8484	17.0703397229195	-23.5390982252697	12.9298
A	82	ARG	16.4648242675128	7.04213	0.619852772883326	-0.648847197511104	5.25197
B	18	GLY	16.490462766853	32.95104	13.248998041755	-18.3828062930677	11.48639
A	48	GLN	16.6995264712142	48.65037	20.8068884347293	-28.0160951364354	21.23269
B	159	HIS	17.0802263264714	5.25426	0.196619551579766	-0.200417957878829	6.93277
B	441	GLY	17.8524709922454	9.44167	1.23828761050686	-1.32736959790431	6.83025
A	40	GLU	21.4228329097221	6.95088	0.304827659429312	-0.311713776611174	4.03228
A	52	GLU	22.5372454175241	48.45114	19.4512590702832	-26.9640992937942	8.59422
A	34	VAL	25.1861468743182	70.03015	29.9054185239409	-42.0304980313561	17.505872
A	94	LYS	25.5338397062539	21.7194	5.12230313878655	-5.84204247134569	10.0499
A	9	ARG	27.663633472364	41.9729	14.6059576356173	-18.4109316844896	17.01373
A	35	SER	29.1595784024125	19.26464	3.47541057834387	-3.83258677277055	10.90691
A	51	ALA	30.3352450173389	23.1998	4.93911222483218	-5.55387245471043	7.16158
A	58	GLU	30.8239719344405	12.17546	0.921069993849248	-0.959909855057906	8.17866
A	23	ASP	31.0137900261349	41.03864	13.1480053515124	-15.8865663604608	12.29765
A	59	GLU	35.8917890520561	23.39472	5.78870412053949	-7.15250117055868	13.69119
B	443	LYS	37.5889329298007	32.3526	7.71062526116967	-8.8077724271532	20.6155
B	350	VAL	37.7726417435978	18.9615	2.27610058875382	-2.42473134242281	11.255
B	155	ASP	40.2021858750584	20.1748	2.76601191801382	-3.01915079769862	11.22466
B	20	PHE	40.868791772743	47.82	15.9258468604736	-20.2545694987111	13.6993
A	33	ASN	41.8467866359783	17.72952	1.84818414408484	-1.97590039656836	12.47322
B	16	GLN	42.0643043131448	61.48104	21.2376962821479	-26.7469856603497	9.444514
A	12	LYS	43.5918159299567	37.437	11.4879440479922	-15.8541037823889	16.54755
A	96	LEU	53.9438124773052	49.98849	16.554185440587	-23.9031002324259	16.38599
A	36	LYS	54.3996096704595	46.7885	11.2978648638085	-13.0105034522246	16.03397
A	54	GLU	55.587546602769	53.27115	17.2724635472134	-23.3795150686155	27.37352
A	44	ARG	58.6983078010643	23.38834	1.92175468214571	-2.01896135190896	17.18706
A	2	GLU	58.9433743966341	30.7222	3.93301403234899	-4.20854885885794	20.1082
A	31	THR	60.1049832075016	33.96818	7.10579740033828	-9.54297253865308	13.88597
A	99	HIS	61.4829322585488	57.99203	15.0076022878832	-17.415811612455	20.1098
A	37	TRP	64.1594543849664	46.95636	13.4945124804629	-18.1710325293222	28.13991
B	468	SER	64.8927832926985	33.06021	4.10319068316378	-4.38523678232266	24.01919
A	47	GLU	67.1122871244912	30.1584	2.94041692843437	-3.09381738273532	14.3786
B	90	GLU	68.0496426120803	30.66236	3.06943244779691	-3.24545733818301	15.033645
A	3	GLU	69.4168229827613	55.89069	13.3129864308299	-15.3350220888687	32.55106
A	62	ARG	71.4293206831677	26.1373	1.59601033866964	-1.64681774187232	10.0313
B	418	SER	71.4335728531208	25.81692	1.52706837807968	-1.57411789984299	20.07948
B	157	GLN	73.9727949176165	33.16208	3.40663417315789	-3.6173936520954	13.076201
A	6	GLU	76.7552759103708	43.039	6.88333660282038	-7.64961970128385	25.81793
A	30	GLU	79.381648422021	43.0852	6.00505481375232	-6.48853303049077	17.74375
B	103	ALA	80.21252392149	68.05378	17.046105974582	-20.1109680516812	19.130378
B	105	LYS	94.9800990591249	70.7253	15.5490914642401	-18.0322296533543	16.82266
A	63	ARG	103.504844180297	58.60588	10.3054319040984	-11.6964435054287	28.372687
A	55	ARG	108.289902823118	60.88852	9.1038159537866	-9.91599021883995	30.45498
B	357	PHE	117.431768379984	60.36987	8.26311514970176	-9.0421822422729	31.23851
B	353	ARG	152.782964939793	69.04921	7.81435908694562	-8.45722783327448	26.78785
