chain	seqnum	resname	area_pseudoenergy	area	area_expected_to_persist	area_goodness	boundary
A	101	MET	-433.973954325808	133.56513	124.386066746479	-444.191054492564	0
A	89	MET	-415.321663583986	123.0132	114.64672059284	-424.998933743256	0
A	74	PHE	-406.065213909434	153.39364	138.129183309328	-422.744280114146	7.929794
A	72	TRP	-370.186207263361	152.5756	128.929536770963	-404.922326677935	9.0030862
A	34	ILE	-361.52596670207	121.54699	112.246793926036	-371.799104016467	2.83284
A	87	MET	-359.824221624412	111.4837	105.000556207893	-367.182409598658	0
A	88	VAL	-359.368575683537	106.4659	97.8580803184608	-370.090355917332	0
A	86	LEU	-356.464912125199	124.53587	113.828835231854	-368.121426535222	6.856083
A	126	LEU	-348.757822822889	130.61235	118.598414758146	-363.522159876691	3.3634
A	83	PHE	-336.939220306897	140.8494	123.320159972794	-358.541755014404	0
A	54	TYR	-331.623184834778	124.23874	110.282115407803	-352.175973220612	18.81877
A	91	ILE	-326.879634616085	115.63386	104.983498543755	-339.560581597022	0
A	105	LEU	-319.409501996933	121.91625	109.972980928601	-333.948022071755	3.058051
A	53	LEU	-318.329468675686	142.24996	124.016182551311	-340.508764820813	1.204823
A	30	VAL	-305.172346832476	114.01879	105.065658493259	-314.757326797423	0
A	36	PHE	-302.330475219541	132.38379	116.547529981708	-320.510322969301	0.53965
A	32	VAL	-295.768765681505	103.65989	96.2788415416032	-304.128985562419	2.689774
A	31	LYS	-289.688975549596	120.82001	104.341345608609	-311.857110693468	26.02908
A	102	VAL	-289.222650966834	109.87669	99.1461043195009	-301.990898842864	2.782479
A	69	PHE	-282.605580177108	125.75421	108.860947060164	-303.562164741738	1.428004
A	52	TYR	-280.226845275776	148.29467	114.983755476241	-322.575836654453	10.650755
A	10	ILE	-278.843190843909	116.5957	97.7443787943493	-304.907435037797	9.388891
A	118	ILE	-273.974634280934	114.72758	98.9881587842637	-292.607100250457	0
A	107	VAL	-268.573158243244	100.39273	90.1436618762982	-280.614680618904	0
A	124	ILE	-267.310124325652	119.05428	103.257616108562	-286.958627655515	1.753391
A	99	VAL	-266.304445795575	102.24572	90.9132320605391	-279.143268860715	0
A	103	VAL	-264.679583250235	91.0934	82.5120067217705	-274.816044261518	0
A	135	TYR	-261.561063700778	133.68615	110.982190813591	-292.027942197145	17.351546
A	106	LYS	-261.156466216076	112.5253	96.0294672522995	-282.42215359098	33.003338
A	143	LEU	-256.95183637975	137.01378	109.321118159007	-294.377075176595	20.76461
A	38	TYR	-254.933493485331	126.31534	107.523821835983	-277.649073601171	16.79653
A	125	VAL	-253.741046655248	106.18712	96.0489276909745	-264.551873845323	6.045601
A	120	VAL	-250.304105492592	106.32245	93.6898601971477	-266.000160202111	2.1266
A	127	MET	-249.995853926259	108.56153	95.3013826864123	-265.633782360973	12.55905
A	84	GLU	-249.972757527388	121.35882	99.9287585208748	-289.812584857258	32.89424
A	85	VAL	-247.933178966574	93.12546	85.0552995965397	-256.584960389594	0
A	109	LEU	-242.576127896422	132.01129	111.510335327052	-265.959752442055	5.851757
A	16	LEU	-226.724128451446	84.2206	78.6676260637641	-232.489888738114	0
A	145	ILE	-223.785313062177	99.29134	85.4580246276694	-241.20265857105	15.51475
A	35	THR	-219.789743420076	100.13246	85.2266916056147	-237.329240934478	14.7703
A	76	ASN	-216.57309756022	93.81971	80.5263821192759	-231.701843999875	12.59693
A	33	VAL	-214.541094206666	92.31264	80.570282872414	-227.85248690696	6.64343
A	121	GLU	-212.000553658864	93.99629	80.8039002085798	-230.324514332496	37.733443
A	8	LEU	-208.860188173109	110.63282	90.1319139300771	-238.143642974105	13.44817
A	29	ARG	-207.021869981158	133.37849	91.0260101330988	-273.698627742923	32.61403
A	37	THR	-206.641970261433	102.56482	88.5970122920346	-224.462566602609	24.624761
A	100	ASP	-199.419639427196	111.6498	88.7902262095731	-228.303296441066	10.09313
A	117	ILE	-196.08028494318	90.53434	79.3715990510704	-209.12447754245	12.37887
A	104	SER	-195.478022762811	85.00243	71.1287340633269	-223.72890600985	24.878498
B	467	ILE	-195.048454089625	96.06088	82.4212095028016	-211.347119113458	2.07621
A	155	TYR	-193.102655988421	152.35863	114.406224918475	-242.979119988293	14.84074
A	47	VAL	-191.43653871883	97.47523	83.8262554562128	-206.493761228545	7.62762
A	20	LEU	-188.459028067014	104.24122	85.3750823496687	-212.20511227519	0
A	116	LEU	-187.026651646096	99.49442	81.2610468070704	-209.27218139879	13.05069
A	44	ILE	-181.220445166706	119.37298	94.052296895228	-213.300880695102	4.95271
A	122	THR	-174.727956655498	86.98571	73.2926483659339	-191.622828051082	2.91218
A	12	LEU	-173.015627635408	78.50477	66.2541862844214	-189.329258044226	8.25766
A	151	ILE	-172.957531571031	105.5036	84.9297103473212	-202.100722501377	24.07522
A	6	TYR	-170.600863362475	82.07976	69.0481669011131	-187.215844968763	16.51443
A	23	TYR	-162.505371374413	121.36876	93.3844728571671	-197.526656419225	10.681405
A	108	THR	-161.704696297748	71.03631	62.7798577260864	-174.532678938351	20.920971
A	24	PHE	-160.107499034132	117.7748	88.7160405477583	-198.059764212935	15.60814
A	48	GLU	-159.715042976644	94.22003	70.6785627511162	-193.86554798862	17.70991
A	49	ALA	-156.02056202282	81.5932	69.414295910005	-169.814468554789	8.846084
A	61	PHE	-152.296609918769	118.21151	90.8120142328354	-186.1016999445	18.159045
A	123	GLU	-144.254877542345	111.28146	73.6147042817232	-230.982533180643	51.72928
A	75	VAL	-137.054725349662	77.37044	64.1088830041432	-152.589529842806	12.84234
A	153	VAL	-131.632693376985	87.64123	67.8571459652945	-161.426244633297	19.90325
A	144	THR	-130.494149522417	73.55492	59.1905955461943	-149.014421189915	13.402439
A	141	GLY	-129.609829129919	51.50906	46.6381035223311	-134.825436617441	3.814117
A	90	ASP	-127.059485846058	103.78497	73.788703284523	-176.115570232656	24.993649
A	137	LEU	-124.613683310813	134.94386	84.6569999241829	-206.839854617227	19.362171
A	28	TYR	-122.482416166638	138.76839	95.6285442342901	-182.991776506149	23.093525
A	138	LYS	-122.471198079111	89.67444	69.2793032201508	-148.251167783055	29.95755
A	81	HIS	-121.081598662812	84.03697	64.7333302902213	-146.167920806197	16.618921
A	92	LYS	-118.997269979301	75.52175	60.6761589677045	-142.168977678279	22.55372
A	136	HIS	-112.629342752539	105.57162	72.9811603843673	-169.91267899717	31.431023
A	73	PRO	-111.00203951185	80.59007	61.1288892156267	-137.482225953137	20.08111
A	93	LEU	-110.049934482054	85.3134	66.2795643156707	-132.241545367418	14.43907
A	134	GLU	-109.74202208277	108.02028	75.2552006028818	-160.684549966323	23.991221
A	51	GLY	-109.287891384031	52.43115	44.9788086600143	-118.124401956727	0
A	98	THR	-109.26413032355	95.31792	70.1452434529586	-146.078241934424	25.31625
B	384	GLN	-108.963372674869	60.8604	51.927169861716	-118.690631889261	10.93709
A	139	ALA	-108.840171511423	76.72654	56.8601778241381	-136.916541841588	2.186983
B	417	VAL	-107.009639079491	37.107	35.1393486752272	-109.03153252113	2.0283
A	5	LEU	-104.625656315234	69.984	56.1201969059467	-120.615359362945	14.56764
A	82	THR	-101.786798606343	55.4315	47.0340855191171	-111.126612650702	10.27121
A	142	THR	-101.388213927356	68.80449	54.6122802799109	-118.548168873942	19.26524
B	438	ILE	-99.7225741028045	32.65296	30.4652417268908	-102.597244398687	0
A	140	LYS	-97.4113611359077	89.09461	63.9322214357492	-156.166934817063	37.62686
A	161	VAL	-97.238521128901	64.45289	51.4652006235361	-112.577160060804	12.15788
A	7	THR	-96.4042989812735	50.04501	42.8673081281117	-104.758371591746	14.23904
B	409	HIS	-95.8919465859901	65.1955	51.6700128640532	-111.480301058352	12.73077
A	42	LEU	-95.8045392390184	93.50946	66.498270904206	-131.155715829928	14.681917
A	68	PRO	-95.7450939886695	89.13271	63.0066735180712	-133.554616801788	21.31385
A	178	ILE	-91.4523909135423	64.15713	49.8062123367667	-111.389614348498	15.789069
A	71	SER	-89.5289516902657	68.77785	45.8692520368302	-125.829562603491	0.964396
A	119	ASN	-89.2626266013097	81.92906	55.508896223556	-145.117057092985	29.940878
A	11	VAL	-87.9796046372601	40.94255	35.2985927847683	-94.2960829389809	5.657644
A	50	GLU	-86.5388833907061	120.07677	71.0895415344499	-171.443088999502	10.08177
A	156	VAL	-83.9956622329634	77.47255	52.105997583676	-126.530965079152	22.7085
B	22	ASP	-79.9529358848568	59.25147	46.8952804996333	-94.0445339950932	3.633778
A	110	ARG	-79.3045352650304	84.56188	54.8530571617763	-139.714882660443	18.42597
B	412	PHE	-75.5770164391668	30.10904	27.748209149971	-78.047320897893	0
B	465	LYS	-67.1703566592456	76.73462	53.2280818016264	-102.648317550478	10.4654162
B	468	SER	-65.9214305256729	58.81344	42.3198811482512	-97.324177179708	11.938217
A	60	GLU	-65.8783900423375	81.4814	50.4746344014081	-121.815519347462	19.660688
A	26	THR	-62.3049615249341	39.2152	32.5658325683057	-69.5912683554611	4.20175
A	154	THR	-61.847937297537	63.50131	43.6399395486772	-93.3060892171436	16.585887
A	13	GLU	-60.1479837963629	70.83499	44.6671829455823	-103.980962190259	16.35958
A	46	LYS	-57.9235199615019	78.15395	47.9859462977085	-104.068580431915	21.51396
B	19	THR	-56.950298620482	49.9985	37.759774794811	-71.0466825932816	13.28644
A	168	VAL	-55.2080010818424	69.77368	45.878708322899	-92.8855158335853	15.6724
A	9	GLU	-54.9248121823633	50.99193	37.2941292343126	-74.8402216190045	14.37644
A	162	THR	-54.6931981066138	56.01081	38.0360023641461	-80.544733461547	9.38692
A	17	THR	-51.769515738462	45.81321	33.5853533807325	-69.5806000195287	9.352355
B	418	SER	-48.8885099122127	48.80451	34.7968904925319	-67.2967019934906	14.81913
B	18	GLY	-47.9652586686375	43.736	32.1708026567864	-61.9585310148761	7.36958
B	440	SER	-46.4889603244089	30.07118	24.5597304873562	-52.6532934651609	0
A	19	ALA	-43.8979870312794	38.89446	28.7383464480314	-58.6946952406288	4.47956
A	43	VAL	-42.6105045602487	39.9139	29.1213457033157	-55.8974206372902	12.90284
A	55	ASP	-40.081747064419	41.21863	28.9894037757292	-57.4635946138173	9.87147
B	349	PRO	-36.6070566115932	51.2879	33.7399589072764	-59.0257372334788	10.21716
A	80	ASP	-25.8588018185168	61.01089	37.271107858391	-73.0615154475468	28.21992
A	78	LEU	-25.7670642683915	66.6721	39.0861436056256	-63.0645115656102	23.26611
A	4	PRO	-23.4053239965284	27.85988	19.3152856379879	-34.1341514448554	5.72519
A	176	LYS	-22.0595687639374	55.18974	31.2566987524712	-75.4508481449661	19.06189
A	160	GLY	-21.7813085688018	55.29003	32.8285193691388	-51.5085089433906	0
A	40	PRO	-20.5571374466184	72.36728	42.0259195321977	-70.3020584420319	25.75399
A	152	LYS	-20.1562781501487	97.23044	49.7458893286307	-104.141713908592	32.42642
A	39	GLU	-17.9947666433718	80.28492	44.0668680943564	-68.4508778380637	24.00771
B	411	GLN	-16.9398780356934	49.3879	27.9490607446015	-48.7533894857603	16.31399
B	408	GLN	-16.75369487831	10.8768	8.95715865840912	-18.8657412195624	0.456134
A	174	ILE	-15.380416989238	89.06303	45.6294060016919	-104.434374629061	29.497091
A	169	THR	-15.2204408620242	76.52758	42.5637911600987	-68.3415414653634	14.554436
A	15	LEU	-14.9470877473621	93.25269	50.095610292995	-75.745355805291	12.72732
B	382	LEU	-12.9855105197388	8.33889	6.88754369432509	-14.5800363371078	0
B	415	ALA	-12.299357822193	7.22181	6.10919810618877	-13.5076395197694	0
A	77	MET	-12.0056586206981	113.39274	59.5996760619992	-91.164660363847	22.58537
A	173	THR	-10.9255483751694	38.83356	22.1169599669576	-39.2904752997879	8.94783
B	441	GLY	-9.53843902639937	13.44652	9.05049085444331	-16.3126317334318	3.033375
B	466	ILE	-8.26082435043731	14.5232	9.27286979990005	-14.7767228016581	7.88846
A	115	LYS	-7.06367914641678	53.21546	27.5804809480876	-43.5332266295093	16.1401
A	3	PRO	-4.55971649106859	36.47518	19.3629700534403	-27.7739100739767	14.55896
A	128	ASP	-1.63792143282516	52.01464	26.3135870393392	-43.120484470396	13.46854
A	22	THR	-1.09098124571557	31.1488	16.180593549633	-26.5780450908693	13.73571
A	56	LYS	1.53288367224528	38.31407	19.6311343210236	-29.1546515155805	18.35768
B	17	LEU	2.2335296395939	4.28312	1.59549629194021	-1.99603796848479	1.90207
B	470	ARG	2.63507818573981	1.08344	0.0874925867384672	-0.0912277987221884	2.32927
A	177	GLU	5.34396711144969	38.71729	18.0176844331825	-24.7005034601883	13.62297
A	157	THR	6.6442380673795	98.94941	48.2506795020756	-73.2782515856958	14.1264666
B	449	ASN	7.18676748462841	2.37193	0.109327403686531	-0.111927173018808	5.45954
B	469	ASN	7.71644588900267	11.51065	3.90664952572316	-4.79215006394258	8.82544
B	350	VAL	8.28277703878874	6.92099	1.60602791015357	-1.82736936429627	4.44055
A	79	ASP	8.30394254594607	20.52684	8.38781779907405	-10.9295139614042	3.48819
A	41	ASP	8.64705281054178	10.4065	3.56178094119815	-4.47966354682279	7.07235
A	58	GLY	9.3792357732805	18.081	6.7468931954205	-8.4446439373118	8.85613
B	16	GLN	9.79844159501429	35.5549	15.3753108803064	-20.27798725184	10.07073
B	26	SER	10.3412729425209	5.45595	0.712703276679665	-0.763750573271864	2.44932
A	175	VAL	10.5141323827988	41.90669	19.0034875306726	-27.9404862103836	9.32899
A	170	PRO	10.6646683986817	17.80004	6.57093955086246	-8.67165253801423	5.656642
A	133	LYS	10.9504718275158	46.75248	20.5821068002899	-34.3519210284939	14.74549
A	167	LYS	11.0511518530156	51.90604	23.483942367084	-36.8457542506083	16.87954
A	148	GLU	13.0272500610142	4.20077	0.180883172907233	-0.184893077456671	4.95259
A	67	SER	13.0670907016885	5.21043	0.413790042679235	-0.433680801722853	5.42343
A	129	GLU	13.4535561429354	82.71902	43.5221090303741	-83.1988461821129	42.95888
B	15	THR	15.1362307738907	15.7686	4.36630690854192	-5.11227689710982	8.95787
A	147	GLY	16.6505538437959	7.65016	0.779405703225136	-0.822030092676198	8.17427
B	21	GLU	18.057476916917	27.92817	10.9854430880103	-15.8163399490462	17.27302
A	70	ARG	22.6260169549782	104.00515	46.2312030760733	-114.451780413492	43.237361
B	32	ASN	24.1896048733036	6.95669	0.213236980138607	-0.216705727390986	12.06267
A	114	ASP	24.5989120656573	11.68126	1.34795794390902	-1.45130941843577	10.476952
B	28	GLN	26.5128228823261	9.758	0.615771513854861	-0.636823846577356	12.50836
A	62	PRO	28.0435513638723	16.77852	3.42869186222594	-3.98846549816006	12.98472
A	164	ASP	28.4464170881819	19.36744	3.83760008376941	-4.34098253102067	13.83904
B	356	SER	28.5520181463391	9.23501	0.410159365035892	-0.420007067542079	13.24581
A	149	GLY	28.6085475106211	14.47992	1.78203057118535	-1.90429392458411	5.989729
A	158	GLU	30.8913798641389	81.62804	38.3232340315969	-65.0532269566833	30.229348
A	146	GLU	31.821198084432	45.67653	16.4916951961771	-21.5333828005794	22.206182
A	97	LYS	33.1186411301357	44.37169	15.1753815566587	-19.0599651881872	19.85676
A	159	PRO	33.4005686821069	72.41332	28.6418006831831	-38.0282865092996	24.995696
A	111	LYS	34.1558165219882	37.92321	12.2826768382442	-15.8444960103159	17.62476
B	353	ARG	34.4675220414534	76.7909	30.9948190829098	-40.8965829546813	24.55674
A	45	ARG	35.5032790954071	104.82795	46.0289261673915	-72.9821140773694	45.302631
A	96	ASP	37.1394706447607	23.0163	3.82271236968935	-4.18036805354667	14.534
B	473	ASN	39.307649381822	34.3823	8.31113108237535	-9.51405990422868	20.26459
A	132	LYS	39.732885576103	15.56869	1.37536532653216	-1.47400578858621	16.03781
B	357	PHE	40.0977546005277	28.5296	5.61885082921982	-6.25756686963261	17.4317
B	464	THR	40.6378775020962	14.40542	0.868839248938002	-0.901318272794843	19.40537
A	27	ASP	40.879935585984	55.13542	21.0988399569067	-30.6869184486479	29.65022
A	163	ASP	41.6684732944163	95.3852	39.2545843919426	-55.3224033523538	35.46111
B	471	GLY	42.0688506155809	24.12083	3.87900192375056	-4.29973200631242	16.98539
B	25	LEU	43.120945679444	66.08918	23.2434233866715	-30.4621521641222	9.38758
A	171	GLU	44.73140827191	59.70539	20.0247389061795	-25.5716401198337	19.7587656
A	21	LYS	45.0583704228273	20.04	1.91353332191706	-2.01115745793704	13.1809
A	150	LYS	45.9934342142594	39.8081	10.2625204868513	-13.3166145240344	17.854549
A	130	GLU	54.0099779917426	28.31129	4.03976400478726	-4.402295814602	19.73597
A	172	LYS	55.9610377179586	64.32652	23.8695066824408	-38.5705950276246	22.46454
A	64	GLY	68.6163165883477	40.2003	6.18063008711934	-6.7126935908053	11.50507
A	14	GLU	75.5449636807592	39.8863	5.34396508725584	-5.76403497917531	25.8008
B	443	LYS	82.8415129090671	34.48122	3.49801088394861	-3.72691790033494	30.44577
B	463	LYS	84.7775763612498	24.582	0.763135366047733	-0.77543277653348	26.5679
A	179	GLU	84.8745335477497	48.65627	7.6126057216692	-8.33404400511909	26.41999
A	18	GLU	85.4622122963497	33.41238	2.48140829082247	-2.58261851170778	21.49972
A	63	LYS	96.2699110049	138.89343	50.5413016604666	-77.989974135435	23.404707
B	29	ARG	157.58727088766	114.55448	24.8640406093067	-29.3190903988466	27.699542
