chain	seqnum	resname	area_pseudoenergy	area	area_expected_to_persist	area_goodness	boundary
A	41	PHE	-187.583606904551	80.5154	71.4994096533883	-197.662084619928	2.4412606
B	69	LEU	-177.314354412295	71.84512	65.5270291134381	-184.17454199059	0
A	24	ARG	-176.671030810955	78.67083	69.4042383558649	-187.171084079538	1.298261
B	101	TYR	-164.858787502441	89.37695	74.2836349559575	-183.011362892795	0
A	37	TRP	-154.753267663245	97.55456	78.3579262185967	-177.849847157528	15.07976
A	20	PHE	-147.080380780561	77.7081	67.0453640759826	-158.679896643215	7.39805
A	45	PHE	-97.4329971612693	48.437	42.0570981885374	-104.388848804943	1.487366
B	20	PHE	-88.0314282013557	65.62615	51.1775682756576	-105.895913487201	11.54112
B	98	LEU	-85.1174278872045	34.974	31.9556052189767	-88.2967191893849	0.86434
B	125	ARG	-84.8817273445416	46.82588	38.6327636257803	-95.4871803757494	9.590315
B	99	SER	-71.6430993780436	35.18209	29.4896977656066	-78.9069799664835	1.519023
B	45	TYR	-69.2619689138567	39.1371	33.0979895537734	-75.8920348172488	1.940934
A	38	ASP	-63.5443773717022	53.15856	38.8517542295665	-84.2511700074976	3.931538
A	16	GLU	-61.4403352243998	53.80179	40.666201912783	-78.5920628627379	11.937063
B	14	LEU	-49.9305066365035	65.77235	42.8147001717354	-88.2460333464877	18.571602
B	127	SER	-47.8032478789893	23.32224	20.6501768772268	-50.643220629039	1.064374
A	27	TYR	-40.1823066401816	121.17132	69.6240675449919	-123.183404803784	7.666959
B	128	ASN	-40.0854781767916	67.73046	43.1606183668113	-76.32683707942	4.72029
B	47	GLN	-30.4949000435461	17.3298	14.785257848382	-33.2468197736307	3.04838
B	19	THR	-26.3932880378904	64.1079	38.5079089126036	-64.106853600035	11.150903
A	49	MET	-25.3451715554295	31.02357	21.3167569193126	-39.4983864971927	2.911125
A	13	HIS	-21.8422794783176	53.5625	32.0518599358737	-49.6828890408495	8.641607
A	42	MET	-19.6643257332708	33.09579	21.1333938709503	-34.8004106956083	0
B	93	TYR	-18.232294122372	14.5334	11.3081416130424	-21.8791091113561	4.69881
B	71	THR	-17.4149549207257	16.96028	12.4699220268404	-22.6458929531664	2.623919
A	23	ASP	-14.6911911048437	42.47936	24.8504263526368	-37.5465450289279	11.49814
B	102	ASP	-10.6461547016531	19.73622	12.4559896705711	-19.7565002730189	5.659542
B	89	TYR	-9.30958311907383	14.48661	9.49236379283667	-15.4360640926334	0.0726076
B	18	GLY	-6.0198207507281	22.7664	12.8794476551056	-18.9887671928989	7.38024
B	68	ALA	-5.37216949623031	5.05261	3.75565782039165	-6.87098323680518	0
A	34	VAL	-5.09204153798291	15.4007	8.96188856554627	-13.4304730439332	2.56462
A	17	ASN	-5.0807137011972	18.55966	10.540086372236	-15.594404532951	0
B	16	GLN	-3.51051690676378	56.2823	28.9953681560159	-42.2464982831081	5.327582
B	70	ASN	-0.927042455716231	2.41993	1.43893226017892	-2.18501224009778	0
B	349	PRO	3.81360093487496	1.13484	0.0380782298889756	-0.0387317249369412	4.28724
A	28	MET	4.70621731246414	5.7472	2.03209306952842	-2.68677895349612	0.355926
A	51	ALA	7.13403779349258	2.4095	0.118616646604612	-0.121635824986917	5.50261
B	325	LEU	7.2539382425602	1.91033	0.0419143701963499	-0.0423810283804391	3.63885
B	130	PRO	7.36575380893771	19.8296	8.09424643442631	-10.4020095613244	0.759225
A	12	LYS	7.83742910664199	24.10641	12.0011108829759	-19.8220063813922	14.97993
B	441	GLY	10.3965227484871	2.999	0.090797111030668	-0.0921999762747706	4.56897
A	35	SER	10.7023709726644	17.01261	5.96046576581061	-7.43129386663392	11.09354
A	26	GLN	12.9686792120153	21.7137	7.70774009174109	-9.52059869450406	7.41426
B	103	ALA	20.0932621771926	71.33492	31.1858209161937	-42.9524949625398	21.8405
B	155	ASP	20.972950490194	19.22679	5.29499310334057	-6.25868048116049	10.11269
B	21	GLU	24.1547105863684	8.2319	0.420264124626629	-0.431708520244191	11.82356
A	52	GLU	26.6889065382696	26.86885	7.91350102529302	-9.73879266647424	11.90426
B	159	HIS	27.7673980978444	7.77531	0.214009511938654	-0.217045151257686	8.59883
A	59	GLU	28.8522295276477	19.55144	3.80078200769693	-4.2477752662645	9.92145
B	22	ASP	31.3125066714776	11.5206	0.713378322543204	-0.736421552842199	12.4666
A	2	GLU	31.9452121506662	30.879	8.09669183823466	-9.39005885291886	20.2173
B	468	SER	31.9452121506662	30.879	8.09669183823466	-9.39005885291886	20.2173
A	30	GLU	33.0740000500259	37.0315	10.9083344750792	-13.0301874420575	18.24539
A	58	GLU	34.4668011800229	13.5216	0.98021442207098	-1.01755969288334	8.42119
A	6	GLU	35.5057043024409	19.302	2.96847934011742	-3.25835392178804	13.75117
B	90	GLU	36.5511397542047	44.2427	14.1343830134392	-18.2024415019089	17.38722
B	15	THR	37.8130760775181	30.88285	7.42263060293868	-8.64391072028841	17.9239
A	47	GLU	38.1477784331575	25.5516	4.68811376423836	-5.17929337563375	12.0371
B	105	LYS	38.1836465071759	68.4281	26.326772764805	-35.9367730358788	19.82408
A	33	ASN	39.3370889660378	19.45834	2.44736586516082	-2.62465537271482	11.14379
A	48	GLN	44.4151472274935	51.10871	16.7313408832326	-21.119464202332	25.931
B	350	VAL	45.3190882319055	21.7671	2.41307324511409	-2.55761589334804	14.5234
A	9	ARG	46.9375529923256	24.3317	3.63428621603847	-4.05152956698394	16.65727
B	418	SER	61.4621049174166	29.9208	3.76006587486267	-4.07842342582717	19.8126
A	3	GLU	66.8029862040645	36.5424	5.05985601968765	-5.44627919969404	22.0552
A	31	THR	72.9037942599353	29.03016	2.45724751204889	-2.59123386248525	13.960048
B	157	GLN	72.9156921819528	34.26972	3.74259489914842	-3.97716266500205	11.507267
A	44	ARG	79.2723347817584	46.36517	7.65347956561573	-8.49161957899023	29.46602
B	388	GLU	79.9474378318541	26.7497	1.28232573448308	-1.31408077563501	18.5881
B	357	PHE	86.5859882696712	44.75398	6.14438621510595	-6.69624389534064	29.89019
A	55	ARG	101.219883258619	53.613	7.10630873967558	-7.63491803147358	25.2219
A	62	ARG	104.321424787542	34.34912	1.57786814411312	-1.61552350874161	26.40142
A	63	ARG	113.566208787298	33.4215	1.27570651086941	-1.30955075365575	27.1128
B	353	ARG	139.780211755197	71.38352	9.73169610407047	-10.605348105443	32.56722
B	443	LYS	144.016271627899	56.3461	5.45317888478115	-5.84356047303589	38.5376
