chain	seqnum	resname	area_pseudoenergy	area	area_expected_to_persist	area_goodness	boundary
A	41	PHE	-181.657508292989	104.25206	83.1332207421762	-214.392834915606	7.153406
B	69	LEU	-108.758011190848	68.3188	55.4280821123838	-125.045074825048	0.00385746
B	101	TYR	-100.417410936052	86.61682	63.3640234698832	-132.341697212407	4.82862
A	45	PHE	-77.1047049104915	54.9914	42.9604398336887	-91.2579904806281	1.01537
B	98	LEU	-66.9020110994375	22.7834	21.6355385510325	-68.0797974738419	1.34691
B	14	LEU	-63.1135910378734	68.23916	45.3315715601856	-97.8517281184073	12.53335
A	24	ARG	-57.6195127309922	83.09247	54.2770756420445	-100.154860277082	9.72827746
A	38	ASP	-38.4271183617989	59.63408	38.8894090213747	-72.9906244069201	3.3823019
B	127	SER	-24.1508657796812	15.2673	12.6637524474442	-27.0053854050206	2.24682
B	99	SER	-23.4366190162758	29.09435	18.9846299680215	-37.9242701164576	0.659451
B	89	TYR	-16.076929915424	10.9447	8.89687820683718	-18.3441778090024	1.48781
B	47	GLN	-12.9705046841464	37.3155	21.9806010269299	-34.4941803080467	12.43688
B	19	THR	-12.8392604732124	63.8145	35.0164175487578	-51.7050238670344	6.28676
A	13	HIS	-12.5653762602657	49.1801	27.6332834635466	-41.5202472979379	3.38133
A	27	TYR	-8.30741494833098	120.78971	60.6301176709039	-111.956454764588	16.466898
B	68	ALA	-6.76091897743008	5.58912	4.3049541771698	-8.21998869476743	0
B	45	TYR	-2.85588731053689	33.85655	17.9871353275092	-26.828636230849	11.74235
B	128	ASN	-2.70447787837764	60.32223	30.6681877771798	-50.432807466112	11.9671849
A	49	MET	-0.680643596969587	28.65867	14.5421099780619	-20.8153644326858	1.991344
B	15	THR	0.639369352879219	21.5006	10.5904694398642	-14.5857721444914	10.3535
A	28	MET	3.15225762909049	4.37092	1.42986474688649	-1.73178065007274	0.93727
A	48	GLN	3.68276310136844	41.3525	19.7570576555908	-26.8826276623233	16.03254
B	125	ARG	4.66934250833767	42.73358	20.2253116322434	-27.6081020229029	9.550347
A	20	PHE	4.8449735414191	57.04681	28.464321856932	-42.8462207821581	25.79148
B	130	PRO	5.08847042297658	20.2794	8.87421500916481	-11.6715555167652	1.53842
B	349	PRO	7.70250346475404	1.80227	0.0247590344147664	-0.0249306742080616	4.75899
A	17	ASN	8.97472723119543	17.5745	6.5910885348171	-8.26112046875767	2.62824
A	54	GLU	9.1561282882714	3.25872	0.185097130295634	-0.190561885302632	4.67718
B	102	ASP	9.93923564009939	16.11632	5.91244913758241	-7.90091711419854	7.00993
B	22	ASP	11.525312253666	16.6831	5.5695991766721	-6.77726866047367	8.46162
B	71	THR	11.9350096206495	11.41827	3.26095531203806	-4.04996022536879	5.56617
A	34	VAL	12.5965747521648	12.54106	3.53249968196362	-4.19970275901536	5.275831
B	21	GLU	12.6496751628354	4.41844	0.238670395700485	-0.245358474857956	4.17331
A	16	GLU	12.7155301426603	37.8168	15.8883871890172	-20.9258162074353	3.68569
B	153	SER	12.8951359524607	3.68128	0.107603747491837	-0.109207708460592	6.8796
A	58	GLU	14.0510315518419	4.92726	0.268998258191496	-0.276619780387049	2.12572
B	18	GLY	16.490462766853	32.95104	13.248998041755	-18.3828062930677	11.48639
B	159	HIS	17.0802263264714	5.25426	0.196619551579766	-0.200417957878829	6.93277
B	441	GLY	17.8524709922454	9.44167	1.23828761050686	-1.32736959790431	6.83025
A	42	MET	18.4438822467465	33.64088	12.4806864759588	-16.0101772790677	2.4265
A	35	SER	18.533088553278	12.2884	2.22676919992566	-2.45677642242115	7.68024
A	26	GLN	19.9445713523433	14.8832	3.08823555045128	-3.46124236810628	6.03217
A	52	GLU	25.9686746400515	20.69384	4.75990180440545	-5.45806128647373	6.56003
A	9	ARG	27.663633472364	41.9729	14.6059576356173	-18.4109316844896	17.01373
A	59	GLU	28.3327264097453	8.91072	0.394713804744547	-0.404860102442717	10.41114
A	51	ALA	30.3352450173389	23.1998	4.93911222483218	-5.55387245471043	7.16158
A	23	ASP	31.0137900261349	41.03864	13.1480053515124	-15.8865663604608	12.29765
A	33	ASN	33.9955943675172	15.71833	1.808428102172	-1.93574616118003	7.8539
A	12	LYS	36.2201775086633	32.61424	10.6284715553141	-14.9075285295528	14.066
A	44	ARG	36.9291126751649	16.77506	1.68463114924073	-1.77748227730341	11.75828
A	3	GLU	37.5889329298007	32.3526	7.71062526116967	-8.8077724271532	20.6155
B	443	LYS	37.5889329298007	32.3526	7.71062526116967	-8.8077724271532	20.6155
B	350	VAL	37.7726417435978	18.9615	2.27610058875382	-2.42473134242281	11.255
B	155	ASP	40.2021858750584	20.1748	2.76601191801382	-3.01915079769862	11.22466
B	20	PHE	40.868791772743	47.82	15.9258468604736	-20.2545694987111	13.6993
B	16	GLN	42.0643043131448	61.48104	21.2376962821479	-26.7469856603497	9.444514
A	37	TRP	42.390259259067	40.34308	13.257388947558	-17.9295534547167	22.71113
A	63	ARG	45.2189966570372	16.2422	0.945174751526862	-0.973791554621988	12.7678
A	6	GLU	50.0164560843935	21.3544	1.99035788787447	-2.10438386659003	18.05292
A	2	GLU	58.9433743966341	30.7222	3.93301403234899	-4.20854885885794	20.1082
A	31	THR	62.187114359779	24.92323	2.0650761349269	-2.17264433806101	12.31005
B	468	SER	64.8927832926985	33.06021	4.10319068316378	-4.38523678232266	24.01919
A	47	GLU	67.1122871244912	30.1584	2.94041692843437	-3.09381738273532	14.3786
B	90	GLU	68.0496426120803	30.66236	3.06943244779691	-3.24545733818301	15.033645
A	62	ARG	71.4293206831677	26.1373	1.59601033866964	-1.64681774187232	10.0313
B	418	SER	71.4335728531208	25.81692	1.52706837807968	-1.57411789984299	20.07948
B	157	GLN	73.9727949176165	33.16208	3.40663417315789	-3.6173936520954	13.076201
A	30	GLU	79.381648422021	43.0852	6.00505481375232	-6.48853303049077	17.74375
B	103	ALA	80.21252392149	68.05378	17.046105974582	-20.1109680516812	19.130378
B	105	LYS	94.9800990591249	70.7253	15.5490914642401	-18.0322296533543	16.82266
A	55	ARG	95.2731394532723	53.59065	8.05398517464809	-8.78252274472778	25.25483
B	357	PHE	117.431768379984	60.36987	8.26311514970176	-9.0421822422729	31.23851
B	353	ARG	152.782964939793	69.04921	7.81435908694562	-8.45722783327448	26.78785
