chain	seqnum	resname	area_pseudoenergy	area	area_expected_to_persist	area_goodness	boundary
A	41	PHE	-187.583539298723906	80.515400000000000	71.499424183690707	-197.661990864201812	2.441260600000000
B	69	LEU	-177.313837980128824	71.845120000000009	65.527003002972393	-184.174052451188032	0.000000000000000
A	24	ARG	-176.673117811516448	78.670830000000009	69.404382980697363	-187.173005168991239	1.298261000000000
B	101	TYR	-164.860498050516611	89.376950000000008	74.283669181666198	-183.013089884904872	0.000000000000000
A	37	TRP	-154.753805772597474	97.554560000000009	78.357997123488445	-177.850287306155337	15.079759999999998
A	20	PHE	-147.080843528679907	77.708100000000002	67.045413450115234	-158.680303327801425	7.398050000000000
A	45	PHE	-97.433315530367935	48.436999999999998	42.057146045531312	-104.389108505735123	1.487366000000000
B	20	PHE	-88.031649195448750	65.626149999999996	51.177599313866139	-105.896113467613745	11.541119999999999
B	98	LEU	-85.117463134907752	34.974000000000004	31.955612436824552	-88.296745951727431	0.864340000000000
B	125	ARG	-84.881884240418216	46.825879999999998	38.632748184252577	-95.487410292177330	9.590315000000000
B	99	SER	-71.643414851196567	35.182090000000002	29.489739980005005	-78.907252817884086	1.519023000000000
B	45	TYR	-69.262114254451063	39.137100000000004	33.098010472853638	-75.892154489873249	1.940934000000000
A	38	ASP	-63.543872184355571	53.158560000000001	38.851690407094608	-84.250748153380343	3.931538000000000
A	16	GLU	-61.440427650617927	53.801789999999997	40.666220105725017	-78.592145227250171	11.937063000000000
B	14	LEU	-49.930689802205144	65.772350000000003	42.814714799938670	-88.246259637519699	18.571602000000002
B	127	SER	-47.802916218796668	23.322240000000001	20.650143514782176	-50.642926654937234	1.064374000000000
A	27	TYR	-40.182032382315150	121.171319999999994	69.624051272956677	-123.183097594795385	7.666958999999999
B	128	ASN	-40.085175339568337	67.730460000000008	43.160563803685463	-76.326594744828569	4.720290000000000
B	47	GLN	-30.495064952573653	17.329799999999999	14.785278506674498	-33.246960469091533	3.048380000000000
B	19	THR	-26.393097234189980	64.107900000000001	38.507869060573235	-64.106740622357648	11.150903000000001
A	49	MET	-25.345251279548418	31.023569999999999	21.316772289116734	-39.498469768312617	2.911125000000000
A	13	HIS	-21.841919653221943	53.562500000000000	32.051778357492331	-49.682664253639643	8.641607000000000
A	42	MET	-19.664367200133526	33.095790000000001	21.133389662179297	-34.800477133089899	0.000000000000000
B	93	TYR	-18.232334258676431	14.533400000000000	11.308148543443082	-21.879140340604113	4.698810000000000
B	71	THR	-17.414864950056927	16.960279999999997	12.469903515922894	-22.645829201416479	2.623919000000000
A	23	ASP	-14.690616822260692	42.479360000000000	24.850283196544318	-37.546229137306405	11.498139999999999
B	102	ASP	-10.646436327999158	19.736219999999999	12.456055316872776	-19.756676457414887	5.659542000000000
B	89	TYR	-9.309807493928947	14.486609999999999	9.492414534155024	-15.436210825367066	0.072607600000000
B	18	GLY	-6.019898075550431	22.766400000000001	12.879466652314081	-18.988810937265036	7.380240000000000
B	68	ALA	-5.372130036496869	5.052610000000000	3.755650291459254	-6.870953906002298	0.000000000000000
A	34	VAL	-5.091935894181402	15.400700000000001	8.961862863447481	-13.430411568375602	2.564620000000000
A	17	ASN	-5.080635077506815	18.559660000000001	10.540067378582037	-15.594357704459611	0.000000000000000
B	16	GLN	-3.510066560022590	56.282299999999999	28.995258688387779	-42.246288527205678	5.327582000000000
B	70	ASN	-0.927097507051325	2.419930000000000	1.438945530140644	-2.185044974725347	0.000000000000000
B	349	PRO	3.813604845976888	1.134840000000000	0.038078103060077	-0.038731593704705	4.287240000000000
A	28	MET	4.706279340885628	5.747199999999999	2.032075698464452	-2.686746285614876	0.355926000000000
A	51	ALA	7.134041820892348	2.409500000000000	0.118616458101220	-0.121635626723263	5.502610000000000
B	325	LEU	7.253950181169979	1.910330000000000	0.041914114000492	-0.042380766437329	3.638850000000000
B	130	PRO	7.365724453755105	19.829599999999999	8.094253525786399	-10.402021543824640	0.759225000000000
A	12	LYS	7.837326881178235	24.106410000000000	12.001124466047402	-19.822043772427445	14.979930000000000
B	441	GLY	10.396544248682275	2.999000000000000	0.090796479804870	-0.092199325341519	4.568970000000000
A	35	SER	10.702426811470682	17.012610000000002	5.960447628867531	-7.431252600464084	11.093540000000001
A	26	GLN	12.968337237176410	21.713699999999999	7.707818392761090	-9.520720086370225	7.414260000000000
B	103	ALA	20.093537584557360	71.334919999999997	31.185744647244579	-42.952249929926872	21.840499999999999
B	155	ASP	20.972819169645746	19.226790000000001	5.295021796918260	-6.258721369915071	10.112690000000001
B	21	GLU	24.154676438836010	8.231900000000000	0.420265330727988	-0.431709758585190	11.823560000000001
A	52	GLU	26.689074209281852	26.868850000000002	7.913459508973954	-9.738725763420598	11.904260000000001
B	159	HIS	27.767464644745537	7.775310000000000	0.214007621540376	-0.217043204050624	8.598830000000000
A	59	GLU	28.852309405720092	19.551439999999999	3.800769531108317	-4.247759614212040	9.921450000000000
B	22	ASP	31.312496327850234	11.520600000000000	0.713378923380396	-0.736422193340317	12.466600000000000
A	2	GLU	31.945226428950278	30.879000000000001	8.096689076036400	-9.390055109052588	20.217300000000002
B	468	SER	31.945226428950278	30.879000000000001	8.096689076036400	-9.390055109052588	20.217300000000002
A	30	GLU	33.073995312537548	37.031500000000001	10.908333820428700	-13.030185539793017	18.245390000000000
A	58	GLU	34.466723266759359	13.521599999999999	0.980219660763456	-1.017565341024731	8.421189999999999
A	6	GLU	35.505804356713895	19.302000000000000	2.968467290618970	-3.258339405110737	13.751170000000000
B	90	GLU	36.550844312798858	44.242699999999999	14.134435842636330	-18.202516859158976	17.387219999999999
B	15	THR	37.813019036507058	30.882849999999998	7.422640420536865	-8.643924028500665	17.923900000000000
A	47	GLU	38.147765718107671	25.551600000000001	4.688115669115440	-5.179295708544896	12.037100000000001
B	105	LYS	38.183748819675245	68.428100000000001	26.326754249915240	-35.936738820241210	19.824079999999999
A	33	ASN	39.337283294548563	19.458340000000000	2.447344173573905	-2.624630376442270	11.143790000000001
A	48	GLN	44.415290676225204	51.108709999999995	16.731314890236607	-21.119415863201674	25.931000000000001
B	350	VAL	45.319150754153206	21.767099999999999	2.413067082360630	-2.557608962219383	14.523400000000001
A	9	ARG	46.937580611463801	24.331699999999998	3.634280134863836	-4.051521552049305	16.657270000000000
B	418	SER	61.462083012313322	29.920800000000000	3.760060544212644	-4.078416069493175	19.812600000000000
A	3	GLU	66.803045541151590	36.542400000000001	5.059848941210880	-5.446270983569557	22.055199999999999
A	31	THR	72.903965066534170	29.030159999999999	2.457236650831541	-2.591221930346841	13.960048000000000
B	157	GLN	72.915930093640554	34.269720000000000	3.742569942579841	-3.977134149422720	11.507267000000001
A	44	ARG	79.272145890175779	46.365169999999999	7.653517389126649	-8.491668569470752	29.466020000000000
B	388	GLU	79.947488047317464	26.749700000000001	1.282323442656226	-1.314078368410876	18.588100000000001
B	357	PHE	86.586062185453343	44.753979999999999	6.144382451997021	-6.696240110855927	29.890190000000000
A	55	ARG	101.219938220999836	53.613000000000000	7.106303526852870	-7.634912214467638	25.221899999999998
A	62	ARG	104.321500755370707	34.349119999999999	1.577864889723977	-1.615520100006349	26.401420000000002
A	63	ARG	113.566091270222984	33.421500000000002	1.275712930551668	-1.309557601854129	27.112800000000000
B	353	ARG	139.780228001402435	71.383519999999990	9.731688980371684	-10.605338345375793	32.567219999999999
B	443	LYS	144.016313907092865	56.346100000000000	5.453172138364003	-5.843552595699729	38.537599999999998
