chain	seqnum	resname	area_pseudoenergy	area	area_expected_to_persist	area_goodness	boundary
A	102	TYR	-249.839637575077063	121.775740000000013	101.520050433210429	-274.188757740289418	2.845020000000000
A	228	TRP	-158.355585738147681	93.100039999999993	78.475875943119433	-174.325248131934302	15.557261699999998
A	56	ASN	-143.283414029309029	67.148609999999991	58.935545284908123	-152.236324744506078	13.281787999999999
B	468	SER	-130.743248553456851	76.098260000000010	64.092158241978183	-144.221276335494309	2.481076000000000
B	418	SER	-128.390081319644281	59.463930000000005	52.211712206693690	-136.532050607386907	8.844068999999999
B	467	ILE	-122.256084376181803	76.708550000000002	61.450190155388185	-140.524894229521180	3.916922000000000
B	417	VAL	-120.022003187219084	42.879700000000000	40.277986687302445	-122.716870639453603	0.507740000000000
B	384	GLN	-111.314444576298825	60.727980000000002	52.042101324958075	-120.787743729848160	5.226457000000000
A	52	TRP	-84.569231704007294	48.772919999999992	40.484333209677104	-94.173192261363099	1.739046000000000
A	104	TYR	-84.027894888542050	45.242469999999997	39.094064802905820	-90.645146794827966	0.696778000000000
B	438	ILE	-77.911208789026503	27.943510000000003	24.529020499577332	-82.542482951444839	0.000000000000000
A	225	ASN	-67.210012377984413	32.341600000000000	28.597640214157089	-71.219718811635602	0.000000000000000
B	443	LYS	-62.607032525679344	48.964859999999994	38.092531066951921	-80.785538919429271	19.019430000000000
B	440	SER	-48.973607120594522	23.875160000000001	20.746955694383164	-52.406200256567402	0.000000000000000
B	441	GLY	-47.152664010352076	34.756150000000005	27.340706141751184	-55.811758120159439	2.333232700000000
A	103	ASP	-38.920558691624052	30.853009999999998	22.994380006668088	-48.880077474991623	0.000000000000000
B	469	ASN	-37.330854077401803	23.404710000000001	19.156732947930898	-42.109215113376642	2.566530000000000
A	58	ASP	-35.742193174023626	32.763259999999995	24.462783929446626	-51.127554187715631	11.555130000000000
B	409	HIS	-30.940784571618398	70.563000000000002	42.849791756820579	-66.350970252629892	7.466233000000000
B	349	PRO	-30.801033431381409	37.590389999999999	25.426634542489289	-46.351539567218509	4.682335999999999
A	54	GLY	-21.649268837925696	52.369929999999997	30.937246058822559	-54.227229411469168	10.134402999999999
A	53	SER	-20.944776772041131	10.637600000000001	9.334462272294241	-22.334916664607597	2.913030000000000
B	382	LEU	-20.007967330766963	13.557200000000000	11.034749637475279	-22.798966675797978	0.461448000000000
B	412	PHE	-18.724470070704712	21.698760000000000	15.250865353245395	-26.385733076859040	1.291420000000000
B	465	LYS	-14.831052501552591	51.121020000000001	29.133513803776307	-44.085374615875700	14.559080000000000
A	230	THR	-13.065775713903180	10.087100000000000	7.918798839719570	-15.507033939395226	0.855862000000000
A	227	ASN	-11.858221406145159	44.457319999999996	24.898282469155255	-44.688999717847977	5.652006999999999
B	385	ALA	-11.230496365120750	8.998510000000000	6.991485148833183	-13.501414400547079	4.487430000000000
A	101	TYR	-10.734194909029700	104.701489999999993	54.800043810670871	-85.461371323075667	14.935273000000000
B	415	ALA	-7.419832255890145	6.843210000000000	5.113928582952552	-9.413184108530654	0.000000000000000
A	184	TYR	-6.486318679456708	27.853659999999998	15.539853218203346	-22.750541581654616	8.527699999999999
B	348	LEU	-5.261750781077430	15.167899999999999	8.886352897074399	-13.371490499976373	6.168100000000000
A	166	ASN	-3.796613306849844	17.880119999999998	9.864206661248106	-14.996297820159693	6.078160000000000
B	470	ARG	-1.953827636299308	5.176340000000000	2.990110034570697	-5.558334239799454	1.740090000000000
B	408	GLN	-0.869875494647875	15.843719999999999	8.435205019610468	-14.668705909410329	7.131830000000000
A	226	ASN	-0.143880280945803	34.277079999999998	18.610086051905508	-33.021921013357698	17.334572000000001
A	57	THR	0.435994803226855	1.436830000000000	0.610245026785586	-0.794411602840823	0.000000000000000
A	229	PRO	0.739262384476186	1.263090000000000	0.451830506446947	-0.559205825356593	0.000000000000000
B	350	VAL	3.370567427813473	1.516210000000000	0.148136924951632	-0.155882406527517	1.418060000000000
B	26	SER	3.627724146275258	2.816150000000000	0.608739150152850	-0.685874561361800	2.436320000000000
B	466	ILE	4.308299344807040	13.920160000000001	5.903538643146234	-7.733059228723137	8.632719999999999
B	17	LEU	7.309251871674170	27.336620000000003	11.859418140640035	-15.587527348160908	6.935510000000000
A	30	THR	8.390589973813496	6.150680000000000	1.252050626812800	-1.399939044173144	5.213030000000000
B	47	GLN	10.797421463360818	4.930440000000000	0.496281027133248	-0.523071710146623	3.651220000000000
A	162	SER	11.485139193542567	3.614000000000000	0.144573338804180	-0.147544582810600	5.092850000000000
A	31	ASN	11.626202548587228	60.689019999999999	28.132514502851809	-40.168690295249462	14.777950000000001
A	100	THR	11.633486584761739	17.074890000000000	6.809420920718437	-9.219781818463634	12.482730000000000
A	2	VAL	12.295799607821918	28.600300000000001	11.410959991268960	-15.033391159727206	2.533380000000000
B	29	ARG	12.640275300765870	10.462899999999999	2.406850268582480	-2.735131153907846	2.364020000000000
B	472	GLU	12.673248790459633	3.931700000000000	0.157435003128415	-0.161026644554009	6.191000000000000
B	411	GLN	13.799522003184714	15.229490000000000	5.350774405029978	-6.965442061167746	8.357240000000001
B	15	THR	14.345295705686155	8.787010000000000	1.502928455582007	-1.663754681549926	7.780100000000000
A	28	SER	21.098708011996592	45.923369999999998	18.049954134242057	-23.358660073545526	9.101127000000000
A	55	GLY	21.451279153262394	21.872290000000000	6.146259306848092	-7.485501408582349	10.076826000000001
A	27	PHE	24.664505744364913	13.828980000000001	2.048160238837555	-2.227934440164024	2.289948000000000
A	99	LEU	25.210898033692853	11.738799999999999	1.238127690995104	-1.309821001406853	14.432370000000001
B	25	LEU	28.292685400814300	12.050599999999999	1.136706060867554	-1.201342403650058	13.259560000000000
B	22	ASP	29.364209801722534	37.299420000000005	12.034011981459368	-14.694669198061405	6.883883000000001
B	353	ARG	29.541542344494545	23.674219999999998	5.283082094615482	-5.979144768262191	11.102340000000000
B	471	GLY	29.579117110255954	33.762680000000003	11.404014993015148	-15.006881293551251	8.631850000000000
B	18	GLY	32.277810281265225	50.485430000000008	17.741469358150102	-22.235376478845808	1.990426000000000
A	32	TYR	33.222198369396764	40.079129999999999	13.049364027928355	-16.219524678698114	3.859764000000000
B	16	GLN	33.274051823192792	40.935749999999999	13.860144135032671	-18.074480843542940	10.005510000000001
A	108	TYR	33.948708576114782	16.278120000000001	1.949609993762538	-2.091774833667807	9.481990000000000
B	20	PHE	34.604030073507808	44.278599999999997	14.334602912532640	-17.751026078070637	11.434750000000001
A	97	ARG	35.692717168458302	18.740300000000001	2.428538250916240	-2.600963574422824	1.669810000000000
A	134	SER	44.570712738693885	19.216000000000001	1.720296923433600	-1.802229305608720	13.326499999999999
A	26	GLY	46.442028904066511	45.955790000000000	13.456704331701332	-16.690277656807385	9.516859999999999
B	473	ASN	46.467581665687646	41.634299999999996	10.977990539109060	-12.899006495315060	18.971850000000000
B	50	TYR	56.759691120297106	27.527000000000001	3.106395163476300	-3.296085862899194	8.375710000000000
A	161	GLN	65.175993651835768	50.526400000000002	11.931901585289804	-13.908616574968482	20.543050000000001
B	474	SER	66.230661973206907	26.789680000000001	2.132118007327967	-2.225770264786274	18.973160000000000
B	19	THR	69.461500242298314	47.744360000000000	10.914458022811338	-13.955255977676387	3.795123000000000
B	21	GLU	69.551357495404190	46.623299999999993	8.997307490977860	-10.200283282362593	13.224380000000000
A	1	GLN	122.076879048159441	65.868939999999995	9.110969917730008	-9.851237497125148	20.793939999999999
