chain	seqnum	resname	area_pseudoenergy	area	area_expected_to_persist	area_goodness	boundary
A	102	TYR	-324.269288823567706	128.181790000000007	114.793911668293163	-339.015393176894747	0.000000000000000
B	468	SER	-183.466147134176822	76.522610000000000	69.746040282617074	-190.606037115224552	0.000000000000000
B	384	GLN	-168.773417157328879	67.862539999999996	62.500031993786990	-174.376825870249775	4.195660999999999
B	467	ILE	-158.815458822309211	73.593580000000003	64.659457342744645	-168.621590629047091	3.569745000000000
A	228	TRP	-152.330410423077893	92.425689999999989	76.339689960261140	-171.154238358428813	15.475750000000000
A	56	ASN	-150.411985189324014	70.741270000000000	60.655601763004810	-164.039601764247607	7.819159999999999
B	417	VAL	-142.261230083718829	45.687169999999995	43.422207572210610	-144.624124086369250	0.000000000000000
B	418	SER	-129.374680397289552	56.174619999999997	50.742437368617317	-135.145821200282796	8.596750000000000
A	104	TYR	-111.357888327464721	45.005539999999996	41.501821904160366	-115.006238425668840	0.000000000000000
A	52	TRP	-99.197051413977249	42.106119999999997	37.596103160348385	-104.164694598604882	0.000000000000000
B	438	ILE	-97.487195994637787	30.312729999999998	28.431053164015641	-99.792513178508855	0.362431000000000
B	409	HIS	-87.830323392754906	79.796040000000005	59.765437242108284	-111.472119876352593	7.429430000000000
A	225	ASN	-83.995526838860798	33.956900000000005	31.247133727424533	-86.826180077427182	0.000000000000000
B	440	SER	-69.853255829711145	24.003940000000000	22.277779419299435	-71.706953841075233	0.000000000000000
A	227	ASN	-65.647370814391664	39.007620000000003	31.750492072471665	-73.909685308626621	4.190610000000000
A	31	ASN	-58.184258177638810	68.667190000000005	48.109226104297505	-86.930980198702684	12.422210000000000
B	441	GLY	-56.232132688869058	35.256259999999997	28.656060474940375	-63.718387538210195	0.917529000000000
A	103	ASP	-55.679896541400041	26.126089999999998	21.958279533920866	-60.695607791712604	0.000000000000000
B	349	PRO	-49.194586636716359	37.710279999999997	29.202215767789479	-59.081224377082371	3.800850000000000
A	54	GLY	-47.160267960673877	47.907170000000001	33.924401879377129	-66.238391249346748	11.947581000000001
A	184	TYR	-47.138220711012238	31.334299999999999	25.474428400814450	-53.675805904561216	7.938584000000000
A	58	ASP	-46.844986952901692	37.768970000000003	27.694613223782177	-65.387294525158154	10.652049000000000
B	469	ASN	-46.620104427692553	23.380780000000001	20.531426638925016	-49.667507959645832	2.579310000000000
A	28	SER	-40.599482678741332	44.730829999999997	31.884904573376133	-57.394418336096216	8.433330000000000
B	412	PHE	-40.221426467806204	29.481990000000000	22.898524520219400	-48.967591614233697	2.202963000000000
B	443	LYS	-37.390134409205899	55.176429999999996	37.686631608716155	-82.287018576932610	25.060569999999998
B	465	LYS	-37.333841311906170	52.304100000000005	34.601854586198243	-61.213638132534456	14.846589999999999
A	53	SER	-30.410181434202407	14.490150000000002	11.996844142509119	-34.459404382524063	3.837280000000000
B	22	ASP	-26.314784406675109	50.529330000000002	31.149729663516720	-55.265829472985089	8.757287000000000
B	18	GLY	-25.585012267288270	51.788699999999999	31.983349355442414	-51.165097715144682	0.000000000000000
B	408	GLN	-23.260517668700455	17.475400000000000	13.118032244648079	-30.302256643284672	4.286650000000000
B	382	LEU	-21.081974634858803	11.627400000000000	9.996536243643840	-22.839173882998381	0.000000000000000
B	471	GLY	-18.360891178177653	28.046009999999999	18.389402208834611	-33.072125099772911	6.771116000000001
A	2	VAL	-18.254865699842632	39.361570000000000	24.145189692742449	-37.552700482925282	1.815906000000000
B	17	LEU	-17.711663641836829	32.071040000000004	20.178780463311760	-34.292061368840393	7.029290000000000
A	101	TYR	-15.596581229453271	113.813559999999995	60.537849115348081	-119.826162443574120	14.681795999999999
A	97	ARG	-14.972798237333199	24.374500000000001	15.784118814935400	-25.618412233911691	0.073331000000000
A	32	TYR	-14.919369981119573	37.023900000000005	23.000125890834049	-42.616233024091528	7.836990000000000
A	226	ASN	-14.005900944928928	34.553710000000002	20.913410945706676	-45.818790954539899	24.996541000000001
A	166	ASN	-13.195117662389904	18.112420000000000	12.135497556218802	-20.577688816977492	6.255210000000000
B	19	THR	-13.178684307226881	59.735779999999998	33.545577436159761	-54.464388475933148	0.000000000000000
A	230	THR	-13.076138533454065	7.229810000000000	6.211835951367521	-14.173307458408855	0.000000000000000
B	348	LEU	-12.788051718309553	16.341799999999999	11.214176008524960	-18.941516462362891	6.295850000000000
B	415	ALA	-10.332196550412675	6.946970000000000	5.666448777679388	-11.747592987148606	0.000000000000000
A	27	PHE	-7.734983112037446	33.920609999999996	19.394056560723111	-31.973186128990598	1.489140000000000
B	466	ILE	-4.934165317573010	13.683520000000001	8.060919248252894	-12.179589481884719	8.786819999999999
B	470	ARG	-0.955238653171410	4.061930000000000	2.268680116091509	-3.321150459412733	1.714490000000000
A	105	GLU	1.455740497578847	3.784630000000000	1.532801547415787	-1.965001074888732	0.000000000000000
B	16	GLN	3.333805122642314	40.054899999999996	20.187445072111643	-36.096116409996036	9.715040000000000
A	183	ARG	3.814958276984448	2.715070000000000	0.534888565483852	-0.595712519225838	2.187990000000000
A	162	SER	5.220992840505262	1.389550000000000	0.031700458669737	-0.032067652814357	3.181420000000000
B	350	VAL	5.570087885728428	4.027970000000000	0.807814564677811	-0.901592193054333	3.838950000000000
B	47	GLN	6.692482553246853	5.041180000000000	1.056443837945794	-1.185529659584739	3.442780000000000
A	57	THR	7.862061811706772	13.876580000000001	5.739352207491709	-10.755411308218461	8.318519999999999
B	473	ASN	10.257973616396562	39.949550000000002	18.054242802285735	-24.323519909547610	18.329519999999999
B	472	GLU	11.360062166070581	4.901630000000000	0.441951328910996	-0.463427179707912	6.509600000000000
B	50	TYR	13.221745623720071	17.263800000000000	5.479084707054480	-6.591464649675057	4.424170000000000
A	30	THR	16.263775071907585	10.750070000000001	1.941766994970217	-2.142067313167237	8.077700000000000
A	55	GLY	17.039464131053787	21.183879999999998	6.830283678551869	-9.092435465274104	7.967099999999999
B	449	ASN	17.597639996933292	5.907820000000000	0.285922750512771	-0.293073369479461	11.922100000000000
B	15	THR	18.032593658214992	9.488209999999999	1.357936109374360	-1.483662660602317	8.011240000000001
A	161	GLN	18.215855574299468	44.374760000000002	18.583188307094400	-24.882952935004162	18.911966000000000
B	21	GLU	19.136127339298625	40.663089999999997	16.369143346701783	-23.840927400633760	11.613400000000000
A	99	LEU	19.634516023907278	11.073910000000000	1.686533795080131	-1.858094488378212	10.276380000000000
B	26	SER	19.827899444411415	14.402600000000000	2.902718793631960	-3.241622569129954	3.804410000000000
A	108	TYR	20.221588855174190	15.154119999999999	3.305342131062934	-3.792109303223004	10.405820000000000
B	411	GLN	22.791603934896003	15.489860000000000	2.904058620147960	-3.220162555730289	6.547272000000000
A	64	THR	23.499973050462806	4.862660000000000	0.038423431006739	-0.038576041268772	7.817040000000000
B	25	LEU	26.566024716300237	13.664580000000001	1.712288962533682	-1.829779277586232	11.625740000000000
A	100	THR	30.926936677620141	32.124749999999999	10.566599075559008	-14.773357949867611	23.382629999999999
A	134	SER	36.737841553824069	14.410900000000000	1.044399716771635	-1.084179083955622	14.032100000000000
B	353	ARG	41.357491617446911	30.189959999999999	6.403311720594029	-7.297681182723682	15.992740000000000
B	474	SER	41.405520857652512	16.281669999999998	1.186962442063399	-1.232466597761202	15.990739999999999
A	26	GLY	56.028572352011921	46.776200000000003	10.992819349600151	-12.598114355259884	8.089050000000000
B	20	PHE	61.697846994187728	47.161000000000001	10.330353426621361	-11.784929124447217	10.696619999999999
B	29	ARG	71.675735965877735	27.237179999999999	1.998882666522838	-2.082930502323082	19.640550000000001
A	1	GLN	79.227821365427104	57.979159999999993	12.293714999309511	-14.076526155534602	16.795020000000001
