chain	seqnum	resname	area_pseudoenergy	area	area_expected_to_persist	area_goodness	boundary
A	74	PHE	-216.195265168453886	104.950839999999999	91.533033299501440	-230.873955067169163	4.504314000000000
B	467	ILE	-195.048014560149397	96.060879999999997	82.421187219178833	-211.346703722860155	2.076210000000000
A	72	TRP	-152.379180142091343	95.046309999999991	75.144129707906302	-182.879644689139951	9.003086200000000
A	86	LEU	-110.601965725224005	54.378599999999999	47.153165637689980	-118.569108893754816	3.035095000000000
B	384	GLN	-108.963554516439558	60.860399999999998	51.927199036933771	-118.690777234007356	10.937090000000001
B	417	VAL	-107.009873369074825	37.106999999999999	35.139359716527217	-109.031755193362244	2.028300000000000
B	438	ILE	-99.722642080548553	32.652960000000000	30.465241373128691	-102.597318830005690	0.000000000000000
A	88	VAL	-97.683643721652615	40.608930000000001	35.257867682952728	-104.377374620121046	0.000000000000000
B	409	HIS	-95.891882919824226	65.195499999999996	51.670014715599621	-111.480232496201481	12.730770000000000
A	76	ASN	-87.525186155046995	58.460300000000004	47.090217127057613	-100.523722579952931	9.775169999999999
B	22	ASP	-79.952862344265711	59.251469999999998	46.895270493309987	-94.044466307760430	3.633778000000000
A	102	VAL	-76.397418238152241	44.342299999999994	37.208489120398831	-84.294229217310999	0.924488000000000
A	100	ASP	-75.729455464027069	41.959099999999999	34.886786452221330	-83.784047694844276	2.705910000000000
B	412	PHE	-75.577246985038698	30.109040000000000	27.748222106138805	-78.047537701504439	0.000000000000000
A	127	MET	-72.024863639426485	38.718599999999995	31.849717467254756	-80.215978740008850	7.888460000000000
A	125	VAL	-71.302060493321477	35.553399999999996	31.271585412117059	-75.877055710304290	2.346400000000000
B	465	LYS	-67.170518969619380	76.734619999999993	53.228147476493348	-102.648439733503608	10.465416200000000
B	468	SER	-65.921549242844307	58.813439999999993	42.319896016745709	-97.324367151721106	11.938217000000000
B	19	THR	-56.950619689254765	49.998500000000007	37.759840808420520	-71.046912498962257	13.286439999999999
B	418	SER	-48.888576794455155	48.804509999999993	34.796905247547734	-67.296731757972140	14.819129999999999
B	18	GLY	-47.965607506772663	43.736000000000004	32.170854426314968	-61.958817065389823	7.369580000000000
B	440	SER	-46.489069712275693	30.071179999999998	24.559733341893800	-52.653401998681680	0.000000000000000
B	349	PRO	-36.606797179133018	51.287899999999993	33.739889421912501	-59.025613835268416	10.217160000000000
A	48	GLU	-33.196524744820991	42.798420000000000	28.087750026579556	-54.261311370298642	8.613010000000001
A	33	VAL	-30.818736219735658	21.018020000000000	17.071992686331900	-35.191129313756029	2.327546000000000
A	52	TYR	-30.789157071316485	43.568700000000000	28.748152543007851	-49.409726334841771	5.735988000000000
A	75	VAL	-22.348750842959838	16.858300000000000	13.320173539335039	-26.319949707310037	4.603430000000000
A	35	THR	-21.425263769326317	28.568449999999999	19.240833953673086	-33.042772638744921	4.379950000000000
A	73	PRO	-19.159651753652298	30.499570000000002	19.953224604970554	-34.649068602721897	12.966949999999999
A	9	GLU	-18.929126096431517	18.985900000000001	13.868634931514590	-24.891966721102069	8.322229999999999
B	411	GLN	-16.940064393627505	49.387900000000002	27.949079341164811	-48.753604290533580	16.313990000000000
B	408	GLN	-16.753748408435300	10.876799999999999	8.957166438517438	-18.865785302200052	0.456134000000000
A	49	ALA	-14.729925432986523	15.987300000000001	11.275126716371513	-20.464014414413334	3.503844000000000
B	382	LEU	-12.985555466854597	8.338889999999999	6.887550155626413	-14.580073461397705	0.000000000000000
B	415	ALA	-12.299380943513553	7.221810000000000	6.109201119527433	-13.507659078960573	0.000000000000000
B	441	GLY	-9.538454229732858	13.446520000000001	9.050492650251472	-16.312635681344901	3.033375000000000
B	466	ILE	-8.260951859197311	14.523199999999999	9.272899231619679	-14.776804214432605	7.888460000000000
A	134	GLU	-5.815455442751471	36.063630000000003	19.574039030767260	-37.230245118063642	18.846710999999999
A	90	ASP	-3.792793427665487	17.794200000000000	9.841724716208400	-14.331258724183430	3.886730000000000
A	78	LEU	-3.230490417138501	32.724800000000002	17.145613036859721	-24.893278712154988	12.865449999999999
A	101	MET	-2.401272308156970	3.716950000000000	2.438750177378940	-3.967661028246259	0.000000000000000
A	89	MET	-0.427171019378809	5.221650000000000	2.717558235514185	-3.837324500720789	0.000000000000000
A	126	LEU	0.785414527794622	1.919380000000000	0.766031147039602	-0.977602538205656	0.000000000000000
B	17	LEU	2.233549299330233	4.283120000000000	1.595491696562504	-1.996030645087069	1.902070000000000
B	470	ARG	2.635074053619912	1.083440000000000	0.087492893479265	-0.091228132409787	2.329270000000000
A	50	GLU	3.161519303660175	57.071730000000002	28.382126558393914	-51.233162698960598	7.693670000000000
A	79	ASP	5.411363513190457	19.184999999999999	8.248557565705500	-10.782510410979890	3.488190000000000
A	31	LYS	6.161067799054136	2.350560000000000	0.159349965319522	-0.165008557816217	5.434890000000000
B	449	ASN	7.186742564519623	2.371930000000000	0.109328499371199	-0.111928321646484	5.459540000000000
B	469	ASN	7.716245110484531	11.510650000000000	3.906695431926884	-4.792222202074434	8.825440000000000
A	71	SER	8.150677322964770	25.232199999999999	10.595966322934858	-13.741979528983729	0.840882000000000
B	350	VAL	8.282764884916014	6.920990000000000	1.606030076020171	-1.827372184625725	4.440550000000000
A	84	GLU	8.876526902860036	24.192110000000000	12.551145915691725	-20.194135322342561	14.595299999999998
B	16	GLN	9.798512268406217	35.554900000000004	15.375295127059299	-20.277964656155550	10.070730000000001
B	26	SER	10.341341668715730	5.455950000000000	0.712695471840000	-0.763741595712310	2.449320000000000
A	77	MET	10.698348788529705	52.115790000000004	23.600073372841731	-31.983188535173788	13.087550000000000
A	164	ASP	14.934214256159443	13.185499999999999	3.213005313168050	-3.682538329114377	8.944990000000001
B	15	THR	15.136254244898012	15.768599999999999	4.366302209040660	-5.112270398018830	8.957870000000000
A	62	PRO	16.735475144187589	5.061030000000000	0.191542490434628	-0.195694519609215	9.608300000000000
B	21	GLU	18.057926250327842	27.928170000000001	10.985347302069922	-15.816126555879322	17.273019999999999
A	46	LYS	18.351017039182167	40.186300000000003	15.772620405057999	-20.482816526008289	15.110930000000000
A	104	SER	19.292848186537416	7.129870000000000	0.560382947363861	-0.590534214922456	10.087130000000002
A	136	HIS	21.709489461182649	15.583750000000002	3.531048738938217	-4.134305501096144	10.966958000000000
B	32	ASN	24.189598737336205	6.956690000000000	0.213236921096922	-0.216705660514469	12.062670000000001
B	28	GLN	26.512769143694111	9.757999999999999	0.615773913593877	-0.636826364272509	12.508360000000000
B	356	SER	28.552008926487247	9.235009999999999	0.410159529978673	-0.420007229055132	13.245809999999999
A	132	LYS	30.686474442894095	9.932090000000001	0.432414162730810	-0.442109640871319	11.907800000000000
A	80	ASP	33.591061154703766	15.571030000000000	1.706501282911571	-1.818069265209768	16.036230000000000
A	64	GLY	34.293593704974469	20.824600000000000	3.364094047026560	-3.669158168020764	8.820160000000000
B	353	ARG	34.467575743363895	76.790899999999993	30.994773842484001	-40.896477068824922	24.556739999999998
A	60	GLU	38.096611340394901	25.406810000000000	4.791892686219522	-5.356984599567850	12.759699999999999
B	473	ASN	39.307415080399025	34.382300000000001	8.311174060729011	-9.514116604438186	20.264589999999998
B	357	PHE	40.097805677862162	28.529599999999999	5.618842750855840	-6.257556810055311	17.431699999999999
B	464	THR	40.637966177129819	14.405419999999999	0.868835152352638	-0.901313941758469	19.405369999999998
B	471	GLY	42.068703284595529	24.120829999999998	3.879029610634242	-4.299768286607651	16.985390000000002
B	25	LEU	43.120627851717472	66.089179999999999	23.243480596498387	-30.462226399408657	9.387580000000000
A	163	ASP	44.124530149205505	31.715499999999999	6.493466652310450	-7.328513976559251	18.618910000000000
A	45	ARG	56.690108344612526	33.563379999999995	5.798559146026701	-6.440559791991976	23.411549999999998
A	129	GLU	58.913197852210878	19.009900000000002	0.923282336524487	-0.954494398328501	25.027860000000000
A	123	GLU	66.603882882652968	32.733480000000000	3.819502073654474	-4.066279499003973	23.352550000000001
A	70	ARG	77.756838621425260	47.382759999999998	10.955283339383527	-13.436506416242947	31.181030000000000
B	443	LYS	82.841449764250456	34.481220000000000	3.498015800848962	-3.726923480839531	30.445770000000003
B	463	LYS	84.777676779902833	24.582000000000001	0.763132876815880	-0.775430224214992	26.567900000000002
A	63	LYS	108.490622523464083	72.064859999999996	14.558067323190780	-16.644226095858407	22.253940000000000
B	29	ARG	157.586489627224864	114.554479999999984	24.864195798370023	-29.319328616362149	27.699542000000005
