chain	seqnum	resname	area_pseudoenergy	area	area_expected_to_persist	area_goodness	boundary
A	41	PHE	-204.719322698119	103.76142	84.4009191298705	-233.05272991954	5.50112
B	101	TYR	-132.158624534834	85.66811	68.6386493850955	-152.918107459367	2.7492643
B	69	LEU	-97.2256862578306	68.5488	53.441225982818	-115.768925930635	0
B	98	LEU	-81.5971039517187	25.2712	23.4258655301929	-84.7656717465477	2.90884
A	45	PHE	-80.5185478314057	53.7954	43.2789257515192	-92.4858033484851	0.828884
B	14	LEU	-74.7620405176461	75.23391	50.839069753688	-110.790862607989	13.70528
A	24	ARG	-67.7843008389972	91.73784	59.6623118118498	-113.949886976675	4.26715
A	38	ASP	-65.0487411523342	59.92697	42.8981272608851	-90.4911316155026	5.970853
B	99	SER	-36.2751227782706	29.44531	21.7277591772735	-46.289379195322	0.721108
B	127	SER	-35.9873734598182	17.0259	15.1909523554444	-37.9289339392914	2.699
A	27	TYR	-27.8889502237775	120.93041	64.863159933287	-119.095520653499	9.48498
B	128	ASN	-21.7081897493333	59.23846	33.7548253536558	-59.2102182271389	6.803758
A	13	HIS	-15.8742994262798	49.7671	28.7596738764584	-43.6007989955923	5.950678
B	125	ARG	-15.0691924326714	48.4325	27.9078220215768	-42.1658044708225	7.0587519
B	19	THR	-13.9574591735635	61.1454	34.0001018455029	-50.718802945715	7.194032
B	89	TYR	-10.493282486473	10.2837	7.55899897892475	-13.6588248645982	1.35615
A	42	MET	-7.10276907059126	30.98642	17.1304669864392	-26.4789692375352	0.8756153
B	47	GLN	-6.96327682984298	37.17847	20.4246960146263	-30.7630132106371	7.408802
B	45	TYR	-6.49618958178872	39.84641	21.5179691829723	-33.2139393603633	6.191122
B	68	ALA	-5.32903628617462	4.82948	3.62647538840532	-6.71257408821098	0
A	49	MET	-3.6193578971605	32.59811	17.3837508549917	-25.7553349198661	1.9420738
B	130	PRO	-2.29644625153013	18.6117	9.87923429424763	-14.0842670808319	0.893291
B	18	GLY	-0.937964746415455	31.3754	16.011237923342	-24.0644065322299	12.19786
A	28	MET	1.72304428309113	5.44561	2.29560211973876	-2.98095318901493	0.974284
B	93	TYR	5.76149531626878	1.41128	0.0234077294337749	-0.0236040252766032	4.52241
A	54	GLU	6.49789927990684	1.71199	0.037624869693853	-0.0380444749349036	3.54729
B	349	PRO	6.89911927026489	2.50783	0.150541079108827	-0.155248823691944	4.82098
B	102	ASP	7.26458030074851	16.79436	6.70881544193685	-8.78374049536153	6.61036
B	71	THR	7.38458233813603	9.70202	3.42275735074691	-4.51972762522301	4.86387
A	58	GLU	8.25213844204533	2.30952	0.0630555533288419	-0.063932334559334	2.87023
A	16	GLU	8.87142016360834	39.82825	17.8043198646247	-24.2709745948034	3.58844
B	325	LEU	9.06472494039674	2.50714	0.0656795592743903	-0.0665551896020801	4.18766
A	17	ASN	9.95473916068388	14.6847	4.94478564486802	-6.02915324128345	1.19918
B	21	GLU	10.1233789762109	2.91631	0.0878976904783212	-0.0892495428852622	3.97093
B	22	ASP	10.4522492797784	17.1626	6.04611524887681	-7.45377687823761	8.33323
B	355	ASP	11.5112193303676	4.34204	0.286230394446552	-0.296100902090147	5.55985
A	35	SER	12.3482435399262	10.0919	2.29396063375175	-2.60243465360032	5.99545
A	20	PHE	12.5720958623725	64.62367	29.7581935664805	-42.3718943756285	21.12753
B	441	GLY	13.821037054067	9.13786	1.65000696248144	-1.81975099519258	6.96365
A	85	LYS	14.2269990105616	3.40983	0.0517679299066029	-0.05216492264643	6.7194
A	34	VAL	15.0483447648587	15.97235	4.69888846611008	-5.65460123477887	4.402663
A	48	GLN	15.6842029569303	44.34434	19.3667003396798	-26.3038001458069	18.19543
B	153	SER	18.736809434613	6.50057	0.344750140278675	-0.354228490791496	9.10464
B	159	HIS	19.7770155764525	6.57888	0.312252854821049	-0.32000642748153	8.11147
A	26	GLN	21.6672679311511	18.3295	4.30147823689133	-4.90231459158527	6.63486
A	12	LYS	23.4733072049549	29.74801	11.5683624041285	-17.5949201400473	14.65019
A	9	ARG	26.2980220273605	42.8448	15.1010820468664	-18.7128772979432	18.06406
A	33	ASN	26.9234527990979	14.19231	2.04033807148218	-2.22820976001291	7.01584
A	59	GLU	28.5202664520089	14.70353	1.92121350620132	-2.0684372853799	9.6904
A	63	ARG	30.1505191026608	13.794	1.39368499660492	-1.4692243102168	10.3414
B	155	ASP	30.927062836561	19.53378	3.64870865002796	-4.09503470066581	9.659313
A	37	TRP	31.2310106689393	46.10455	18.7001683348441	-28.2552354231692	27.84863
B	15	THR	31.265850070191	29.86013	8.75329818656273	-10.8946358932548	13.9062898
A	52	GLU	31.7356921597702	26.87712	6.99194267195553	-8.39679076146556	9.58675
B	16	GLN	34.3071863252663	65.59761	24.6278933419165	-31.444849150096	8.12687
A	23	ASP	34.4959971570063	39.92689	11.8947859435928	-14.1941378563495	11.70899
B	20	PHE	39.0527294240004	50.6546	17.0763076717429	-21.5107895284656	15.08756
A	3	GLU	39.3365576746244	35.4043	8.7686529641673	-10.0754565581718	21.7977
B	443	LYS	39.3365576746244	35.4043	8.7686529641673	-10.0754565581718	21.7977
A	6	GLU	41.9625255559471	24.37595	3.78179987220798	-4.12283577523347	17.32848
A	51	ALA	42.7193233947784	22.4822	2.92476899048686	-3.13331201964076	8.28008
A	44	ARG	44.0186319518557	22.88876	2.93611024841085	-3.14613828076942	13.05573
B	350	VAL	44.1076782754622	19.0264	1.7052204215169	-1.78653106326124	11.8213
A	62	ARG	49.5473217780124	28.8304	4.38378571534157	-4.75524739113127	10.0862
B	418	SER	54.753041120606	27.8224	3.4638967346549	-3.70910516257068	17.90555
A	2	GLU	56.1638423804528	30.6536	4.22943570815325	-4.55117693052873	19.8442
A	47	GLU	58.559693946115	30.5832	3.92829829974175	-4.20451032415835	15.7161
B	157	GLN	58.9803103247559	30.81561	4.09636736909583	-4.4214280964579	8.912549
B	468	SER	59.7028088643877	31.86329	4.2910168798298	-4.61438085821574	22.64488
B	90	GLU	64.2814739336394	34.81094	4.78375832714573	-5.15523082206859	15.1322801
A	31	THR	66.0906498497746	25.63195	1.84289160736043	-1.91549917430071	13.15908
A	30	GLU	74.6259466543381	40.5717	5.73312569946796	-6.21196269099611	19.62029
B	103	ALA	86.4370902428853	69.9385	16.5620552927852	-19.1690859612032	21.06234
B	105	LYS	91.646229715062	68.691	16.1451234626651	-19.3263985914805	18.16972
A	55	ARG	106.918354835334	57.65588	8.53782981026754	-9.39548517166463	30.29532
B	353	ARG	120.865464569445	74.08232	12.5576849382623	-13.83276520044	27.87455
B	357	PHE	131.858515693223	61.72796	7.1486678416338	-7.64048793463229	37.12834
