chain	seqnum	resname	area_pseudoenergy	area	area_expected_to_persist	area_goodness	boundary
A	102	TYR	-295.518674983944	126.89138	111.642545102623	-312.56855855746	1.0003521
B	468	SER	-182.782519991152	76.20477	69.1547963795835	-190.485863548911	0
A	228	TRP	-165.093902892715	90.35302	77.0500872611535	-179.703563754316	14.438021
B	418	SER	-149.58181013497	63.51939	57.3591419440168	-156.18159678938	9.822602
A	56	ASN	-149.23139268571	68.47695	60.3125716574329	-158.42115787419	13.55174516
B	384	GLN	-144.559736483678	65.70839	58.9712792581707	-151.699340850262	4.20562916
B	467	ILE	-142.988172357256	79.07564	65.0637310596895	-159.771287599454	3.259035
A	104	TYR	-125.6880847423	46.41218	43.4193778214121	-128.789965972085	0
B	417	VAL	-119.631467230084	41.4502	39.1155301447928	-122.044928474351	0.170649
A	52	TRP	-87.0620373797439	47.96561	40.3974146225518	-95.7782118371731	0.824805
B	18	GLY	-82.9329282466856	48.57413	40.4231207031208	-92.195752040155	0
B	438	ILE	-79.7129380561457	30.52209	27.5595088200188	-83.011583207478	0
B	409	HIS	-79.4224185176413	77.64724	57.0269550106984	-103.959577237076	10.062499
A	225	ASN	-74.8703356401123	33.47092	30.232869137044	-78.2769745548795	0
B	440	SER	-67.8087519345659	24.44332	22.4547367498219	-69.9987571103268	0
A	31	ASN	-65.8748008696705	66.67618	47.7791604405892	-90.690819528837	12.023
A	101	TYR	-60.8489800759931	112.34037	67.9193574462253	-126.108139256832	10.804279
A	28	SER	-60.3709098568476	39.34066	31.6284588773349	-70.7075277515973	6.96818
A	58	ASP	-59.6505908179603	39.47506	30.4522716454104	-75.1294990541007	10.447049
B	441	GLY	-54.2938440612421	35.30297	28.3134983692563	-62.5389431646475	0.889959
A	103	ASP	-53.2143118298936	33.92244	26.8784229200935	-61.435456097811	0
B	443	LYS	-48.6209261071537	58.60338	40.7392769082242	-88.2405575379839	27.07189
B	469	ASN	-46.918392083125	23.62549	20.7184690159285	-50.0303913106478	3.82790123
B	412	PHE	-40.9398149873581	21.83664	18.7964448948383	-44.2473482522968	0.141113
A	27	PHE	-38.5126566956576	28.55227	22.3502744670373	-45.6785430285847	4.364551
B	349	PRO	-37.5789165498649	39.53944	27.7968504324704	-52.2660247149217	5.043256
B	19	THR	-37.3261113942276	58.0518	37.382531693927	-63.9226685886287	8.028697
A	227	ASN	-36.8091191145609	45.99835	30.1195606649703	-60.4882494198584	5.07840123
A	54	GLY	-35.4652192537993	54.45426	34.4263082534818	-66.7888539043026	11.091297
B	16	GLN	-33.6122207105175	41.63721	28.5432085411227	-49.7813209953487	9.957747
A	53	SER	-31.0216770945281	12.2685	11.3621044763625	-31.9633010629728	2.70462
B	382	LEU	-30.647449057149	14.0719	12.6400696880996	-32.1574764896431	0.0852941
A	226	ASN	-26.346861322489	38.99772	24.4897591777653	-49.2204864353715	18.464066
B	17	LEU	-21.5528364368202	36.34581	22.8177636620185	-40.2906701017942	7.22259
A	230	THR	-21.1519473512359	10.5375	9.28945574909449	-22.4803083611772	0
A	2	VAL	-20.8025403911557	33.4259	21.5606073908806	-35.8068612109495	4.21867
A	32	TYR	-17.9792693881226	38.43044	23.5866400151959	-37.056324655399	2.227626
A	26	GLY	-17.0474504777612	45.88342	27.1364322380459	-41.2083421405752	10.108137
B	385	ALA	-15.0100085598179	9.13229	7.65310396275103	-16.6237314378875	4.39836
B	348	LEU	-11.8776054517136	16.0341	10.8577241848469	-18.1283545681829	6.33692
B	408	GLN	-11.254349509947	13.83513	9.49765344738543	-17.6987974475848	4.072078
B	465	LYS	-10.4948041636917	50.15975	27.5724860440448	-42.2270575647183	15.74655
A	57	THR	-6.15917501999461	5.43329	4.11029784161031	-7.67533106407912	0.579628
B	415	ALA	-5.7928156190809	5.72812	4.20027795328617	-7.56988853165497	0
B	22	ASP	-5.23528764614482	35.66505	19.2614124518675	-29.4147008181943	6.79342
A	184	TYR	-4.36881068401223	30.09014	16.1346119097364	-23.1291214053527	9.784039
A	166	ASN	-4.10077237357689	16.82986	9.44081997522831	-15.09933305775	6.17133
B	470	ARG	-3.97943442148347	5.94874	3.90146523139119	-6.53988613332156	1.968521
A	229	PRO	-0.272066530831009	2.28915	1.21251168194711	-1.7267906611777	0
A	97	ARG	-0.266055256214552	19.2476	9.69031275501251	-13.4749069997571	2.52162
A	105	GLU	0.609591619452072	2.46188	1.07931599995375	-1.42046915971202	0
B	419	LEU	0.659308370808487	1.41156	0.543885525172949	-0.686913285870829	0.350575
B	26	SER	1.13047005406186	5.63529	2.5359714588654	-3.36915025417018	2.23962
B	471	GLY	3.77926269130147	30.73873	14.998715351537	-22.7438757735118	7.18467
B	325	LEU	4.2859678182746	1.35566	0.0550928409910947	-0.0562435883617123	4.12743
B	350	VAL	4.52752553216529	2.66663	0.412652659726292	-0.448311543544575	1.8379
B	466	ILE	5.18192303800628	14.17455	5.88655590360314	-7.82421961364334	8.8854
B	472	GLU	5.36792700159358	3.56565	0.647569396714121	-0.714628617497991	5.17002
A	162	SER	6.27380162239494	1.72292	0.0440145444794744	-0.0445865151099507	3.48192
B	47	GLN	12.4457884843122	6.93538	0.988413068226576	-1.066345999101	4.33589
B	15	THR	14.8625450221464	13.10413	3.26862744084686	-3.79362584987293	8.91649
A	30	THR	15.2424036017066	11.65314	2.73244879005022	-3.17695802287276	13.671139
B	411	GLN	15.6475809746622	26.7005	9.55247260394394	-11.8344885784453	8.966866
A	108	TYR	16.8518426505401	17.06451	4.99176624259047	-6.07944522389714	10.0642
B	20	PHE	18.5794334763583	49.6896	21.2544541473687	-30.2452967432763	10.69187
A	64	THR	19.8659638248403	5.20942	0.112496596775278	-0.113729045158044	8.09095
A	55	GLY	20.7583167864842	23.13974	6.85919556958675	-8.40906950235037	10.478406
B	29	ARG	23.1020050511828	15.49515	3.32657690701857	-3.85497572372305	7.50919
B	473	ASN	24.7673340350456	36.95182	13.1384093986555	-16.4164800521427	17.80992
A	100	THR	25.2428102624606	25.8777	7.89133395613357	-9.70826340293886	20.39824
A	99	LEU	25.5292066884747	15.44589	2.53545593672037	-2.78645061943986	13.15689
B	25	LEU	26.9773589076626	13.70498	1.69596637273602	-1.81317282924893	11.60876
B	353	ARG	30.3068881946653	24.60123	5.60055784751147	-6.37539341239171	11.69888
A	134	SER	36.0244151688866	18.4144	2.28092025233507	-2.43505335556971	11.0298
B	50	TYR	37.1699648781251	24.5198	4.41512468556464	-4.86788067627139	7.90656
A	161	GLN	41.4098003361223	46.38943	14.3746239138091	-17.733590285008	17.58291
B	21	GLU	45.8730481748545	53.5342	17.4084775623888	-23.0318860123666	14.68642
B	474	SER	58.5035468544873	30.77653	4.08192641242981	-4.39890303467298	14.55736
A	1	GLN	118.531809015666	73.08218	12.1086808039999	-13.2540533243189	22.26266
