chain	seqnum	resname	area_pseudoenergy	area	area_expected_to_persist	area_goodness	boundary
A	74	PHE	-184.678510198902671	104.624719999999996	86.284245464570063	-205.669240090819869	3.778043000000000
B	467	ILE	-182.471454787451194	93.833769999999987	80.095002218724190	-199.233509278996451	1.520148400000000
B	438	ILE	-104.564631917926789	30.973199999999999	29.915360978105277	-105.642249041130441	0.000000000000000
A	86	LEU	-99.665438643450429	52.933999999999997	45.093969978414442	-108.447076610150631	0.533791000000000
A	88	VAL	-95.497240895840051	39.551879999999997	34.630452359964956	-101.985559512540107	0.129158000000000
B	417	VAL	-90.254298704442078	39.305280000000003	34.680638052094878	-96.175972749009347	0.000000000000000
A	72	TRP	-81.824973389626450	96.546100000000010	64.902030710387976	-124.484148231605900	3.859058000000000
A	127	MET	-79.777374730591461	44.330690000000004	36.081864458483651	-92.936435390679151	9.365840000000000
A	102	VAL	-78.091654494692250	38.220530000000004	33.696800587035590	-82.933296941503755	1.043720000000000
B	468	SER	-77.368024249782167	63.873890000000003	46.443157113611349	-102.583823544782874	7.537326000000000
B	409	HIS	-74.448197878104196	67.628399999999999	50.594797844968440	-94.189151915988930	11.115069000000000
A	125	VAL	-66.968468897685653	34.744999999999997	30.145909078325616	-71.942802934977493	0.275398000000000
B	412	PHE	-59.428584939700471	28.512450000000001	25.352815641920671	-62.778272646072523	0.801898000000000
A	100	ASP	-58.080288490110490	39.612499999999997	31.978028832277062	-66.644380429067226	2.454290000000000
B	440	SER	-54.440970661597675	28.682379999999998	24.869190482358412	-58.549105196993082	0.050370500000000
B	22	ASP	-40.209438120576010	52.239640000000001	35.129006592627327	-61.843350032813447	0.524267800000000
B	19	THR	-35.277320908794884	47.943999999999996	31.868573050033319	-58.530393261436515	14.550096000000000
B	384	GLN	-34.609144957590644	54.341200000000001	35.011084364614433	-60.369139344996839	8.055650000000000
A	52	TYR	-33.319969784179321	48.873200000000004	32.168721093222111	-56.662888395310922	1.623671000000000
A	73	PRO	-32.950908772885924	28.890989999999999	21.900568951490488	-43.136311984894832	12.239650000000001
B	418	SER	-32.931540407426162	47.489499999999992	30.389980285404448	-55.459209226211215	10.527222999999999
B	465	LYS	-28.084049096484350	80.383499999999998	46.475278043498868	-86.277922616535236	19.059379100000001
A	76	ASN	-27.520231457448652	54.993979999999993	33.963591746948708	-54.943773468653291	3.944573000000000
A	35	THR	-26.179210301298717	31.442679999999999	21.561767579661538	-38.672161729842131	7.848150000000000
B	25	LEU	-17.028922841033889	66.832999999999998	37.256809057724858	-57.268606241019370	12.174460000000000
B	349	PRO	-16.930199460177029	49.289400000000001	28.825354179119799	-43.422975820970393	10.301493000000001
B	18	GLY	-16.202408411660720	49.611050000000006	29.225977680086089	-48.828475944185037	7.701045000000001
A	33	VAL	-15.669215761722588	22.801490000000001	15.108887126124987	-27.838441153778181	4.816995800000000
A	134	GLU	-14.795454719294305	38.578140000000005	22.307374318020347	-41.732406733254059	17.510040000000000
B	466	ILE	-14.465714420013020	17.848070000000000	12.201891320047446	-22.318720206048656	9.107240000000001
B	415	ALA	-14.179283677346801	7.425910000000000	6.467637356019388	-15.205279804897765	0.000000000000000
B	382	LEU	-10.057866039100652	9.031739999999999	6.799113142120464	-12.622454411230445	0.000000000000000
B	408	GLN	-8.981728948873856	9.027820000000000	6.590792523652152	-11.822218020577441	0.451814000000000
A	49	ALA	-8.502228565724007	12.576010000000000	8.335230278542552	-13.676127444052007	1.037188000000000
A	84	GLU	-3.419053370499935	19.523099999999999	10.614135387387570	-15.316659711277964	8.717779999999999
A	50	GLU	-1.503862704161627	48.662709999999997	25.352856111377296	-45.330467557285075	12.310549000000000
A	78	LEU	0.139391334702869	31.184599999999996	15.564724657592137	-22.265913846155978	13.143860000000000
A	79	ASP	0.518563615412589	22.099299999999999	10.920015044324630	-15.060306667038196	5.707230000000000
A	89	MET	1.168902908952766	4.620670000000000	2.019657782592188	-2.655217338635266	0.000000000000000
A	126	LEU	1.188111561308915	2.768640000000000	1.091767946083584	-1.388268190265529	0.000000000000000
B	348	LEU	3.216848863716704	1.222450000000000	0.082075163139137	-0.084960310584206	2.747420000000000
B	441	GLY	3.606282843901948	15.796020000000002	8.139929392564387	-13.676042572330244	7.120318000000000
A	9	GLU	4.106556220026282	11.751700000000000	4.859531911330030	-6.270850533678764	7.114630000000000
B	449	ASN	5.052964946751598	1.820200000000000	0.106722389141450	-0.109979012685911	4.782610000000000
B	469	ASN	6.857820467142576	11.856510000000000	4.329972582907740	-5.546773624065391	8.358100000000000
A	136	HIS	7.120909911618048	11.192110000000000	3.932283103200638	-4.963619967746473	5.710300999999999
B	32	ASN	7.164478090778556	1.634310000000000	0.020141481128893	-0.020266623690129	3.482650000000000
A	164	ASP	7.506313550020018	19.547000000000001	7.919647566545001	-10.153914548457912	10.991500000000000
A	71	SER	7.817473429136556	15.180800000000000	5.678104845936640	-7.111537037630236	0.430825000000000
A	31	LYS	8.007554635318359	11.438200000000000	3.795154011412500	-4.611452364833497	5.743960000000000
A	54	TYR	8.283693104297736	7.536620000000000	1.883429513653870	-2.167183207824861	2.391790000000000
A	75	VAL	9.386935236751293	16.359349999999999	6.129012472253047	-7.804244488513355	6.880880000000000
A	65	GLU	10.889060680495083	3.002260000000000	0.077782504043840	-0.078807846454699	6.142270000000000
A	90	ASP	11.211385454849431	13.986100000000000	4.331235246723161	-5.183277631190307	4.768720000000000
A	132	LYS	12.074141046713411	2.641240000000000	0.027040135006007	-0.027179500956006	5.761140000000000
B	350	VAL	12.421841593661302	16.625299999999999	5.344025718656679	-6.446982501747283	7.874630000000000
B	356	SER	12.602546506062641	3.265850000000000	0.067458737212472	-0.068165189384449	5.044100000000000
B	473	ASN	14.336130094279756	38.094099999999997	15.504779848763921	-19.907493930415011	21.020499999999998
B	21	GLU	14.890626029676266	47.142320000000005	20.389101439482765	-32.979800781704931	16.450295000000001
A	60	GLU	14.963559639682250	26.709409999999998	10.027518546152507	-13.073700544095763	11.199199999999999
B	471	GLY	16.100114802150291	19.792960000000001	6.105202996951082	-7.329681088921075	12.653800000000000
A	163	ASP	16.600699892705975	28.396090000000001	10.249318462012809	-12.859957690481281	17.249209999999998
A	48	GLU	17.101671837002371	50.671800000000005	22.554824710884226	-37.279020811112630	11.704689999999999
B	436	ASP	17.411592796354412	7.761910000000000	0.744652672696481	-0.782835120051019	6.030430000000000
A	129	GLU	17.461235955282412	7.356170000000000	0.633518209598774	-0.663109937182564	11.539610000000000
A	104	SER	17.805875975491496	6.198420000000000	0.444772852750655	-0.465876893062432	6.980657000000001
B	26	SER	25.016936708885041	18.236670000000000	4.068323127981693	-4.708540375630508	6.626469999999999
B	16	GLN	25.312939648142859	35.013939999999998	11.852617472680921	-14.753629233172516	10.229699999999999
B	15	THR	25.381981372040450	8.681979999999999	0.467399377839344	-0.482010019931283	7.351460000000000
A	138	LYS	27.178212613284614	6.900500000000000	0.131824916790040	-0.133100356901030	9.312049999999999
B	411	GLN	27.598997759734061	33.617260000000002	11.625320812486542	-15.251651903274775	14.956299999999999
B	464	THR	28.541729920863396	9.626890000000000	0.636858998813187	-0.665800764768470	15.259699999999999
B	17	LEU	28.733143413351439	21.834340000000001	4.704107048252598	-5.328198581794746	10.896839999999999
A	77	MET	29.209630030310699	49.108499999999999	17.810538056291097	-23.129773910249135	13.732810000000001
A	64	GLY	29.620564265156123	22.367799999999999	4.699743983183340	-5.275762367296440	8.938780000000000
A	80	ASP	30.604246985867938	19.033500000000000	3.176278366678800	-3.475052005219779	9.390779999999999
B	357	PHE	37.868440847940093	19.308499999999999	2.381391048023200	-2.541558482765004	14.520799999999999
B	463	LYS	39.156800557439944	17.375800000000002	1.651497415970324	-1.735338221728921	13.604799999999999
A	46	LYS	42.116890869379382	39.587130000000002	11.840764241863852	-14.723011736792147	16.517450000000000
A	63	LYS	42.391368419193071	73.084180000000003	28.186091406973322	-37.289236301060612	16.682990000000000
A	45	ARG	50.470987354002730	22.574349999999999	2.448849785235671	-2.609723672149453	19.564900000000002
B	353	ARG	57.285156323252181	73.745300000000000	24.314933062405871	-30.950468778135459	24.647500000000001
A	123	GLU	60.378286625264536	38.262169999999998	8.639093154729276	-11.038394200941088	23.446579999999997
B	443	LYS	86.017792436275869	30.726780000000002	2.142081520755528	-2.238293658754102	27.329950000000000
B	29	ARG	103.029665383265467	103.521069999999980	29.411446468679959	-35.354105090660497	24.212134999999996
A	70	ARG	108.792913003471824	60.508329999999994	9.083541207189377	-9.973733254473922	36.143280000000004
