chain	seqnum	resname	area_pseudoenergy	area	area_expected_to_persist	area_goodness	boundary
A	74	PHE	-224.466882751768	105.53317	91.743515346576	-239.672198973783	2.499469
B	467	ILE	-189.959958435332	92.95294	79.9881699040759	-205.53665874081	3.206432
B	438	ILE	-116.470329998621	32.3575	31.4136993419588	-117.430700424944	0
A	86	LEU	-108.019819531596	53.5112	46.2044995874524	-116.208468632401	0.396637
B	417	VAL	-103.299314880879	37.60145	34.22167582656	-108.014894519742	0
A	72	TRP	-103.258564921062	90.9936	63.7940115185738	-143.367769996717	4.230401
A	88	VAL	-100.537709968243	38.98787	34.0507788331914	-106.765338132368	0
B	409	HIS	-95.1558093301771	63.2424	51.6574156052411	-107.988319585841	11.773254
B	412	PHE	-80.4372128519934	31.90743	29.5139396770573	-82.92725545515	1.05782
A	127	MET	-76.1242584491432	41.71758	33.1553770348953	-89.4299585309647	9.428446
A	102	VAL	-71.3151421248399	39.50034	33.8124289661872	-77.4812566843962	0.274762
B	384	GLN	-62.3637976521179	56.8293	42.1876450475037	-79.6724415206133	7.50758
A	100	ASP	-59.7098305788834	41.2759	32.632724445796	-69.7388613853099	1.360126
B	440	SER	-58.4444356499714	28.43915	25.0940493091881	-62.0273883534038	0
B	22	ASP	-54.9594903866381	58.25376	41.2519081338629	-76.204422510245	2.047744
A	125	VAL	-54.1144683141744	37.3829	30.2305087268651	-62.0661182135238	1.4118
A	52	TYR	-51.2228106827678	48.8394	35.9291745014668	-66.4308209350706	2.063764
B	25	LEU	-49.1152847944228	72.93073	47.8089035217891	-82.9399207538096	12.96505
B	418	SER	-46.742275704373	46.21651	32.73380820498	-64.8330230154285	10.099295
A	76	ASN	-43.7017190810591	54.43925	37.2248514312312	-65.3922748039659	3.961225
A	73	PRO	-40.3240769648613	29.67156	23.1633788033795	-50.1079808309016	13.65689
B	468	SER	-37.3360595509777	61.33746	39.1076341261461	-76.3044444291608	10.28752
B	19	THR	-32.820689830467	45.9943	30.1810671601593	-54.3895254380146	13.61989
B	465	LYS	-23.4643298110288	85.54508	48.2473784062456	-89.5126610943859	14.75679
A	33	VAL	-23.1593467881996	20.29533	15.2936148290312	-28.9591176586527	1.469519
A	35	THR	-19.6413200266641	32.81097	20.8346834968463	-35.9994477462501	8.82718
B	349	PRO	-17.6609307871637	51.10611	30.0588102097502	-46.5817759771411	11.067265
B	415	ALA	-14.1167924130068	7.0902	6.23832620580196	-15.0243496320083	0
B	382	LEU	-13.92536839768	8.67472	7.22391877512932	-15.512976410738	0
B	18	GLY	-13.8552223041002	42.53943	24.7928695072617	-41.5714841944279	9.164563
B	466	ILE	-11.5141851921857	16.764	11.1524788763523	-18.3467211292545	7.4184
A	134	GLU	-11.4186350167796	33.7666	19.3004571339509	-37.0016817462901	15.300988
B	408	GLN	-11.0674106303277	9.38722	7.17902312555075	-13.5849304011826	0.220562
A	78	LEU	-5.71329345137314	31.6422	17.164077547437	-25.9788433795898	12.85453
B	441	GLY	-4.17896515427316	14.20046	8.46280530836254	-14.3455120856287	3.551362
A	49	ALA	-2.90397995699136	11.20618	6.32504028757453	-9.31339739241316	0.860263
A	50	GLU	-2.50407356349462	51.6483	27.3235849995511	-51.7515910132429	15.826671
A	75	VAL	0.885929908890279	20.35441	10.5381793069205	-16.1764850098922	9.58003
A	126	LEU	1.25675208001072	2.65678	1.01993242266297	-1.28679194568446	0
A	164	ASP	2.73957813715571	18.522	8.57735137099028	-11.5192880799897	10.6583
B	21	GLU	2.97714563567475	45.61154	22.3486053596777	-38.8625117556101	15.786
B	472	GLU	3.11578225498496	1.04197	0.0498758927012235	-0.0511091099921899	2.58295
A	89	MET	3.25967591146691	1.63277	0.195247489199191	-0.207944371714682	0
B	470	ARG	3.38316079192578	1.47937	0.136419092852771	-0.143124549061836	3.20487
A	54	TYR	3.5432287321233	6.0273	2.1525010343045	-2.66289349232291	2.73986
A	84	GLU	4.35640043871466	21.08078	11.304857347183	-17.4954052769044	12.78358
B	28	GLN	5.25277683969495	1.23626	0.0174047252462059	-0.0175284039133008	3.30134
A	63	LYS	5.44272620664646	73.93904	37.2837605050661	-61.0448583631738	21.39774
B	348	LEU	5.63221828771071	2.6168	0.272444607961178	-0.28769549094931	3.96451
B	32	ASN	6.32598334258878	1.5292	0.0240433770395815	-0.0242343971026176	3.8247
A	9	GLU	6.82199087367345	12.5481	4.6093550873816	-5.74469671154442	7.35206
A	90	ASP	6.84029384717099	15.7885	6.21043243567646	-7.89118657171313	1.90677
A	31	LYS	7.44852148436452	11.2643	3.83503017719388	-4.68832390996342	6.28545
A	48	GLU	8.393240903844	57.93324	27.7530335441057	-44.4548553293168	13.3034
B	473	ASN	8.96927965020832	42.5174	19.0263153424084	-25.2383858334395	21.9557
A	132	LYS	9.79269404194234	2.12352	0.0208927974879742	-0.0209962562307903	4.26828
A	79	ASP	10.0371034261891	21.3701	8.22090742952526	-10.378012812836	5.34535
B	469	ASN	10.1713573411912	7.46649	1.5258625172171	-1.70833129964943	9.73101
A	71	SER	10.2271433259295	17.5676	6.29685797605514	-7.79731127126836	0
B	350	VAL	12.1100270288296	16.8304	5.51188603892326	-6.67741047937603	7.96434
A	104	SER	14.0212871145847	5.97283	0.52467172874853	-0.549573618885459	5.80015
B	17	LEU	15.6976606408916	23.81815	8.62908884530496	-10.9518619688134	12.88375
A	136	HIS	16.6107678257426	11.07846	2.20284361031532	-2.48516618894898	12.36689
B	436	ASP	17.3101442435106	7.982	0.818965159952641	-0.864093446332699	6.01831
B	26	SER	17.3165879385392	15.94278	4.4020893598064	-5.24981994413814	7.95354
B	356	SER	17.6333978749714	5.18991	0.167995265561566	-0.170774371581134	6.27153
A	60	GLU	20.3127234921151	29.72044	10.8112376293552	-14.2850442994271	12.51141
A	65	GLU	20.9071421529114	6.39924	0.234956016710401	-0.239377942657761	9.76143
A	163	ASP	22.4770479535492	34.16751	12.2501295395008	-15.7145905541226	20.69402
B	464	THR	24.9238301801129	8.67778	0.613486845444441	-0.642112381362265	10.93668
A	64	GLY	25.5474730014292	20.8894	4.75048249628544	-5.389637785081	8.66374
B	16	GLN	28.4966394948783	38.5968	12.7794663847938	-15.7694955007634	11.1832
A	129	GLU	28.6347488791856	16.07445	2.44817092124924	-2.68510063095546	10.82478
B	471	GLY	29.7364678281008	20.55892	4.10728721847117	-4.61360291489026	16.56439
A	80	ASP	30.1372879688072	24.4187	5.50517430537641	-6.23829219440331	9.96793
B	15	THR	30.837348913531	11.33608	0.754816581896171	-0.785589685857215	8.20464
A	77	MET	32.0104856608679	49.7712	17.405940595147	-21.9973340837625	13.25345
B	463	LYS	36.9532963706498	16.5744	1.60985369939804	-1.69349782007626	13.1796
A	138	LYS	39.8974301224125	10.104	0.191122235789895	-0.192952944957859	10.1353
B	357	PHE	40.9013531174533	20.2826	2.38267341048419	-2.53465088628298	14.7119
A	46	LYS	42.9165836003636	40.52395	12.1043424222746	-14.998072040887	18.27032
B	411	GLN	51.7557834759637	36.29564	8.563638406533	-10.4048988187786	18.73266
A	45	ARG	58.5347509924247	25.47251	2.55066867604576	-2.70542525786411	20.98343
B	353	ARG	65.2561017950356	79.3446	24.6484189042211	-30.030194528616	24.62735
A	123	GLU	69.776689377806	31.75208	3.27178604434431	-3.46954432871405	20.43145
B	443	LYS	106.707198299758	35.48718	2.14126887371253	-2.23000175857944	31.0382
A	70	ARG	113.396097510822	58.80194	7.66426409045458	-8.2525637211924	35.27683
B	29	ARG	113.514185208775	107.39108	29.0694045427716	-34.5365200331592	25.619924
