chain	seqnum	resname	area_pseudoenergy	area	area_expected_to_persist	area_goodness	boundary
A	41	PHE	-181.656908011040514	104.252059999999986	83.133192783094970	-214.392258335731867	7.153405999999999
B	69	LEU	-108.758977929845202	68.318799999999996	55.428256379474604	-125.045823445048754	0.003857460000000
B	101	TYR	-100.416213505230758	86.616820000000004	63.363827954026483	-132.340989532476812	4.828620000000000
A	45	PHE	-77.104638817087647	54.991399999999999	42.960406279118303	-91.257983803703141	1.015370000000000
B	98	LEU	-66.902209797604982	22.783400000000000	21.635548057349041	-68.079986161342703	1.346910000000000
B	14	LEU	-63.113068231364949	68.239159999999998	45.331543669909038	-97.851231320476330	12.533349999999999
A	24	ARG	-57.620673208391423	83.092469999999992	54.277282302528953	-100.155791340280985	9.728277460000001
A	38	ASP	-38.426690954244329	59.634080000000004	38.889338907757256	-72.990252004713810	3.382301900000000
B	127	SER	-24.150653481233114	15.267300000000001	12.663722417656860	-27.005209310242574	2.246820000000000
B	99	SER	-23.436092292362268	29.094349999999999	18.984546355422268	-37.923917742496322	0.659451000000000
B	89	TYR	-16.076964226440492	10.944699999999999	8.896883425451970	-18.344205700221373	1.487810000000000
B	47	GLN	-12.970461919762730	37.315500000000000	21.980598973256701	-34.494198633123077	12.436880000000000
B	19	THR	-12.838497419642067	63.814500000000002	35.016225812963540	-51.704655284408219	6.286759999999999
A	13	HIS	-12.565787217108079	49.180099999999996	27.633383020396082	-41.520456927791656	3.381330000000000
A	27	TYR	-8.305882817275670	120.789709999999985	60.629854962593029	-111.955529659001400	16.466898000000000
B	68	ALA	-6.761030042826089	5.589120000000000	4.304973832448640	-8.220074241782342	0.000000000000000
B	45	TYR	-2.855882776309651	33.856549999999999	17.987125730086866	-26.828562895224749	11.742350000000000
B	128	ASN	-2.704102537044967	60.322230000000005	30.668115604761848	-50.432556769329757	11.967184899999999
A	49	MET	-0.680475956326618	28.658670000000001	14.542071625236364	-20.815291503511581	1.991344000000000
B	15	THR	0.639618024715576	21.500599999999999	10.590407285652260	-14.585649657502412	10.353500000000000
A	28	MET	3.152300238277157	4.370920000000000	1.429855367920968	-1.731766711319776	0.937270000000000
A	48	GLN	3.682899893060489	41.352499999999999	19.757023307721830	-26.882556835919296	16.032540000000001
B	125	ARG	4.669154180851646	42.733580000000003	20.225356469138568	-27.608179361628608	9.550346999999999
A	20	PHE	4.844870641969923	57.046809999999994	28.464329988899230	-42.846242249661437	25.791480000000000
B	130	PRO	5.088657061486980	20.279399999999999	8.874169076347080	-11.671473844428554	1.538420000000000
B	349	PRO	7.702518950928814	1.802270000000000	0.024758824593924	-0.024930461464627	4.758990000000000
A	17	ASN	8.974166340293777	17.574500000000000	6.591219999340150	-8.261330825721441	2.628240000000000
A	54	GLU	9.156124209776879	3.258720000000000	0.185097348798077	-0.190562116963553	4.677180000000000
B	102	ASP	9.939304068211207	16.116320000000002	5.912436805839426	-7.900905688896684	7.009930000000000
B	22	ASP	11.525269777790182	16.683100000000000	5.569608623018089	-6.777282840919984	8.461620000000000
B	71	THR	11.934975589878070	11.418270000000000	3.260955711128376	-4.049957189271042	5.566170000000001
A	34	VAL	12.596570395232519	12.541060000000000	3.532499172364951	-4.199701836581398	5.275831000000000
B	21	GLU	12.649659378704833	4.418440000000000	0.238671202256120	-0.245359327469072	4.173310000000000
A	16	GLU	12.716068565172634	37.816800000000001	15.888255668754972	-20.925575408924175	3.685690000000000
B	153	SER	12.895109854567446	3.681280000000000	0.107604488037427	-0.109208471304163	6.879600000000000
A	58	GLU	14.051042931711137	4.927260000000000	0.268997670838455	-0.276619159116471	2.125720000000000
B	18	GLY	16.490491670291640	32.951039999999999	13.249006138891875	-18.382846887915960	11.486389999999998
B	159	HIS	17.080163735312890	5.254260000000000	0.196621850289381	-0.200420348254672	6.932770000000000
B	441	GLY	17.852478403958703	9.441670000000000	1.238286765937480	-1.327368625848567	6.830250000000000
A	42	MET	18.444697455705438	33.640880000000003	12.480504442041827	-16.009895092715052	2.426500000000000
A	35	SER	18.533267503631652	12.288399999999999	2.226742648768800	-2.456743995192212	7.680240000000000
A	26	GLN	19.945162068973275	14.883200000000000	3.088138412581760	-3.461119797462449	6.032170000000000
A	52	GLU	25.968654511657888	20.693840000000002	4.759908924488334	-5.458071401058994	6.560029999999999
A	9	ARG	27.664046363207152	41.972899999999996	14.605864121008208	-18.410766934084577	17.013729999999999
A	59	GLU	28.332775711592987	8.910720000000001	0.394711926605691	-0.404858129788010	10.411140000000000
A	51	ALA	30.335207886991217	23.199800000000000	4.939118446785640	-5.553880359566063	7.161580000000000
A	23	ASP	31.013695535693159	41.038640000000001	13.148029214428581	-15.886605027975474	12.297650000000001
A	33	ASN	33.995636740065841	15.718330000000002	1.808422590888586	-1.935739787212994	7.853899999999999
A	12	LYS	36.220457599754589	32.614239999999995	10.628406857631946	-14.907389698813423	14.065999999999999
A	44	ARG	36.929287886115837	16.775060000000000	1.684616676155628	-1.777466373068882	11.758279999999999
A	3	GLU	37.589163972749944	32.352600000000002	7.710583320183661	-8.807717362621901	20.615500000000001
B	443	LYS	37.589163972749944	32.352600000000002	7.710583320183661	-8.807717362621901	20.615500000000001
B	350	VAL	37.772752758458381	18.961500000000001	2.276088862404450	-2.424718016455000	11.255000000000001
B	155	ASP	40.202334322479715	20.174800000000001	2.765987424306325	-3.019120614649607	11.224660000000000
B	20	PHE	40.869185176550275	47.819999999999993	15.925760157627485	-20.254426853185397	13.699300000000001
B	16	GLN	42.063497047871131	61.481040000000007	21.237879481421704	-26.747279433986971	9.444514000000000
A	37	TRP	42.390230702361606	40.343080000000000	13.257387880729778	-17.929549646996961	22.711130000000001
A	63	ARG	45.219058483049089	16.242200000000000	0.945171363086158	-0.973787956816230	12.767799999999999
A	6	GLU	50.016422336215733	21.354400000000002	1.990359242294383	-2.104385222356700	18.052920000000000
A	2	GLU	58.943661482858658	30.722200000000001	3.932981985064680	-4.208512106621786	20.108200000000000
A	31	THR	62.187122954468315	24.923230000000000	2.065076373217108	-2.172644784539896	12.310050000000000
B	468	SER	64.893084833196369	33.060209999999998	4.103157660377272	-4.385198978006843	24.019190000000002
A	47	GLU	67.111883658941423	30.158400000000000	2.940452430780720	-3.093856720501739	14.378600000000000
B	90	GLU	68.049881030970369	30.662360000000000	3.069409303541158	-3.245431154450745	15.033645000000000
A	62	ARG	71.429290112039084	26.137300000000000	1.596012091433186	-1.646819608624585	10.031300000000000
B	418	SER	71.433579064968413	25.816920000000000	1.527068164130468	-1.574117681939305	20.079480000000000
B	157	GLN	73.972887546503188	33.162080000000003	3.406628017420782	-3.617386877885240	13.076200999999999
A	30	GLU	79.381988547204713	43.085200000000000	6.005017930108403	-6.488490535303415	17.743749999999999
B	103	ALA	80.213197384100880	68.053780000000003	17.046019239100389	-20.110870787825522	19.130378000000000
B	105	LYS	94.980835270752877	70.725300000000004	15.548939970951711	-18.032010141538628	16.822659999999999
A	55	ARG	95.272982362549442	53.590649999999997	8.054013059092627	-8.782557759131985	25.254829999999998
B	357	PHE	117.431322868007143	60.369869999999992	8.263157134459934	-9.042229760854694	31.238509999999998
B	353	ARG	152.782712296207819	69.049210000000002	7.814398152876088	-8.457275614918087	26.787849999999999
